*Vertices 100
1 "1" ic Gray
2 "2" ic Gray
3 "3" ic Gray
4 "4" ic Gray
5 "5" ic Gray
6 "6" ic Gray
7 "7" ic Gray
8 "8" ic Gray
9 "9" ic Gray
10 "10" ic Gray
11 "11" ic Blue
12 "12" ic Blue
13 "13" ic Blue
14 "14" ic Blue
15 "15" ic Blue
16 "16" ic Blue
17 "17" ic Blue
18 "18" ic Blue
19 "19" ic Blue
20 "20" ic Blue
21 "21" ic Blue
22 "22" ic Blue
23 "23" ic Blue
24 "24" ic Blue
25 "25" ic Blue
26 "26" ic Blue
27 "27" ic Blue
28 "28" ic Blue
29 "29" ic Blue
30 "30" ic Blue
31 "31" ic Blue
32 "32" ic Blue
33 "33" ic Blue
34 "34" ic Blue
35 "35" ic Blue
36 "36" ic Blue
37 "37" ic Blue
38 "38" ic Blue
39 "39" ic Blue
40 "40" ic Blue
41 "41" ic Blue
42 "42" ic Blue
43 "43" ic Blue
44 "44" ic Blue
45 "45" ic Blue
46 "46" ic Blue
47 "47" ic Blue
48 "48" ic Blue
49 "49" ic Blue
50 "50" ic Blue
51 "51" ic Blue
52 "52" ic Blue
53 "53" ic Blue
54 "54" ic Blue
55 "55" ic Blue
56 "56" ic Blue
57 "57" ic Blue
58 "58" ic Blue
59 "59" ic Blue
60 "60" ic Blue
61 "61" ic Blue
62 "62" ic Blue
63 "63" ic Blue
64 "64" ic Blue
65 "65" ic Blue
66 "66" ic Blue
67 "67" ic Blue
68 "68" ic Blue
69 "69" ic Blue
70 "70" ic Blue
71 "71" ic Blue
72 "72" ic Blue
73 "73" ic Blue
74 "74" ic Blue
75 "75" ic Blue
76 "76" ic Blue
77 "77" ic Blue
78 "78" ic Blue
79 "79" ic Blue
80 "80" ic Blue
81 "81" ic Blue
82 "82" ic Blue
83 "83" ic Blue
84 "84" ic Blue
85 "85" ic Blue
86 "86" ic Blue
87 "87" ic Blue
88 "88" ic Blue
89 "89" ic Blue
90 "90" ic Blue
91 "91" ic Blue
92 "92" ic Gray
93 "93" ic Gray
94 "94" ic Gray
95 "95" ic Gray
96 "96" ic Gray
97 "97" ic Gray
98 "98" ic Gray
99 "99" ic Gray
100 "100" ic Gray
*Edges
11 12
11 13
12 11
12 13
12 14
13 11
13 12
13 14
13 15
14 12
14 13
14 15
14 16
15 13
15 14
15 16
15 17
16 14
16 15
16 17
16 18
17 15
17 16
17 18
17 19
18 16
18 17
18 19
18 20
19 17
19 18
19 20
19 21
20 18
20 19
20 21
20 22
21 19
21 20
21 22
21 23
22 20
22 21
22 23
22 24
23 21
23 22
23 24
23 25
24 22
24 23
24 25
24 26
25 23
25 24
25 26
25 27
26 24
26 25
26 27
26 28
27 25
27 26
27 28
27 29
28 26
28 27
28 29
28 30
29 27
29 28
29 30
29 31
30 28
30 29
30 31
30 32
31 29
31 30
31 32
31 33
32 30
32 31
32 33
32 34
33 31
33 32
33 34
33 35
34 32
34 33
34 35
34 36
35 33
35 34
35 36
35 37
36 34
36 35
36 37
36 38
37 35
37 36
37 38
37 39
38 36
38 37
38 39
38 40
39 37
39 38
39 40
39 41
40 38
40 39
40 41
40 42
41 39
41 40
41 42
41 43
42 40
42 41
42 43
42 44
43 41
43 42
43 44
43 45
44 42
44 43
44 45
44 46
45 43
45 44
45 46
45 47
46 44
46 45
46 47
46 48
47 45
47 46
47 48
47 49
48 46
48 47
48 49
48 50
49 47
49 48
49 50
49 51
50 48
50 49
50 51
50 52
51 49
51 50
51 52
51 53
52 50
52 51
52 53
52 54
53 51
53 52
53 54
53 55
54 52
54 53
54 55
54 56
55 53
55 54
55 56
55 57
56 54
56 55
56 57
56 58
57 55
57 56
57 58
57 59
58 56
58 57
58 59
58 60
59 57
59 58
59 60
59 61
60 58
60 59
60 61
60 62
61 59
61 60
61 62
61 63
62 60
62 61
62 63
62 64
63 61
63 62
63 64
63 65
64 62
64 63
64 65
64 66
65 63
65 64
65 66
65 67
66 64
66 65
66 67
66 68
67 65
67 66
67 68
67 69
68 66
68 67
68 69
68 70
69 67
69 68
69 70
69 71
70 68
70 69
70 71
70 72
71 69
71 70
71 72
71 73
72 70
72 71
72 73
72 74
73 71
73 72
73 74
73 75
74 72
74 73
74 75
74 76
75 73
75 74
75 76
75 77
76 74
76 75
76 77
76 78
77 75
77 76
77 78
77 79
78 76
78 77
78 79
78 80
79 77
79 78
79 80
79 81
80 78
80 79
80 81
80 82
81 79
81 80
81 82
81 83
82 80
82 81
82 83
82 84
83 81
83 82
83 84
83 85
84 82
84 83
84 85
84 86
85 83
85 84
85 86
85 87
86 84
86 85
86 87
86 88
87 85
87 86
87 88
87 89
88 86
88 87
88 89
88 90
89 87
89 88
89 90
89 91
90 88
90 89
90 91
91 89
91 90
