0.2492925
0.2492696053115772
0.2507545554608645
0.25058171551650743
0.25500569444297233
0.26288363441566104
0.27784028666927657
0.299022138080185
0.3234795492105677
0.35497309334347577
0.3854087762277596
0.4133402393380722
0.4364560661944685
0.45332258034730805
0.46768592613505305
0.4789713479735552
0.4870485083865349
0.49647886790947937
0.5005834363431455
0.5074797171118872
0.5116217249759539
0.5198020421513869
0.5251143077336488
0.5263525587868606
0.5314830322203314
0.537999767681206
0.5401585478485043
0.5462375599421015
0.5473407520883302
0.5553141697731747
0.5581654762411119
0.5639973306676865
0.5666527183031697
0.5733165702620281
0.5754825006339815
0.5791256140346528
0.5839284228806824
0.5862924480472668
0.5875303257332767
0.5952668391237811
0.59846927595147
0.60464447408186
0.60703072237045
0.6130680983793344
0.6169333708459864
0.6169114624039012
0.6216027089019005
0.6253455706436823
0.6320989778886835
0.6323863056484545
0.63110097158286
0.6416202503499774
0.698264884045571
0.7022248167973413
0.7048440672959475
0.7070786686040766
0.7072145658696705
0.7071682941771756
0.7078374747968088
0.7094049011590896
0.7097022530903581
0.7091442366871061
0.7095789845612134
0.7093661431259081
0.7098786332931803
0.7091564251472939
0.7091960290908501
0.7089986348008245
0.7111910932051073
0.7098712450128485
0.7109429725174181
0.7118747666512348
0.7118993667988326
0.7104004336626751
0.7102338063332596
0.7099568171029479
0.7107143356126011
0.71114598784879
0.7113028092155307
0.7111365211301434
0.7126470535371324
0.7117455146902826
0.7115627613688703
0.7107427286554271
0.7116738054604096
0.7120881014350793
0.7121157445093325
0.7106359403548105
0.7116110437773225
0.7110094708032025
0.7116763153441102
0.712342926407933
0.7110324582121536
0.7121083176511611
0.7118884111563548
0.7127433906177069
0.7126037389266695
0.7133015669139862
0.7121741832942657
0.713249170038819
0.7131977788212945
0.712613094335017
0.7123374361220809
0.7130013789897106
0.7140029949060631
0.7146963875436956
0.7121665245276835
0.7127587794271868
0.7137207396174652
0.7125139354331564
0.7129784990383277
0.7133422741840834
0.7124462692231855
0.7142931022216608
0.712629735753754
0.7140352582606182
0.713563771580415
0.7136796263478561
0.7136216467620468
0.7136069311017168
0.7141234214005161
0.7132411381276802
0.7130947042627322
0.713347177504876
0.7127869488178618
0.7137235663967374
0.7148260944534157
0.7142701147880921
0.7138241436476973
0.7137925218016318
0.7139140699583361
0.7144299088894034
0.7132356787022445
0.7158046969153159
0.7137181473873316
0.7139418278679152
0.7131702348740427
0.7139424302665697
0.71390219490238
0.7136080351651551
0.7138748863871703
0.7138120397424356
0.7140546293973916
0.7138050122934902
0.7142696464905876
0.7140967575470936
0.7153927203922115
0.7149650038563213
0.7152966213339503
0.714072445355853
0.7154482787168257
0.7146208119035785
0.7147577119919297
0.7151029482676775
0.7149535021832258
0.7136453679575752
0.7141802264197604
0.7145988433599121
0.715062098933948
0.7146408999499161
0.71590093428052
0.7143587611329617
0.7153841681993999
0.7142179531207242
0.7151848951226895
0.7136365947520151
0.7146892932827058
0.7138877920346434
0.7138197005658927
0.7149425129652408
0.7150304395415956
0.7148579567926308
0.7144827390180943
0.7150748922793885
0.7151142324107714
0.7145090949370742
0.7148945813581057
0.7156267837625971
0.716105145063776
0.7149539826834448
0.7140579379025699
0.7141129962486596
0.7158120424611902
0.7150468470953131
0.714492705511447
0.7148000301786862
0.7157353870154952
0.7149414176725841
0.7149018003279416
0.7149267342164147
0.7148146922061644
0.7154094967321992
0.7159652760310168
0.7146553367680807
0.7145245637862523
0.7141625161968136
0.7157238709181891
0.7164906109619312
0.7151395639658827
0.7145533362134645
0.714914674272264
0.7161638679640063
0.7164461467391487
0.7144156366616398
0.7156496431231567
0.7154421884586536
0.714962740320805
0.7164314427484533
0.7153827314467701
0.7154356639949019
0.7156754530776603
0.7149724490066114
0.7160543871997213
0.7156675827257307
0.7152815735166803
0.7161140505638386
0.7160653018655745
0.71592919846049
0.7151604544462326
0.7156071203736056
0.7153598729168745
0.7157043014588931
0.7163378200030631
0.7167810463866141
0.7169345712744705
0.7155930754601587
0.7169247156101042
0.7160070261893121
0.7140089997021533
0.7150359180653215
0.7155461870698645
0.7150401144337999
0.7159187087542506
0.7151490818994917
0.716706381243259
0.7147577773788919
0.7156720127655436
0.7153210685013867
0.7144434468824423
0.7164320775240591
0.7146419403667307
0.71615890759057
0.7164744906270022
0.7166923068561505
0.7166597221454051
0.715614081493835
0.7158811289781023
0.7157541010594147
0.717558762732409
0.7156705730306485
0.715584801106996
0.7158062329680448
0.7153558607734136
0.7159800359283593
0.7151921636583876
0.7161978343474528
0.716233756005405
0.7158869385416112
0.716618753640249
0.716811845184453
0.71582513812994
0.7165249285644716
0.7173852684718675
0.7159683415246577
0.715499211172172
0.7165422565706098
0.7158548560916407
0.7160363686360927
0.7155558188829221
0.71606129263639
0.7163081475013604
0.7152797782963564
0.7165136158729472
0.7162841381654167
0.7162458752243747
0.7162702114407545
0.7155075002848431
0.7166433142865095
0.7154589875565849
0.7151026062410604
0.7149453268739822
0.7149472541682402
0.7157616394335149
0.7159770057864955
0.7161796102214777
0.7161973101887811
0.7165650152739563
0.7160561122944127
0.7175869964656197
0.7161739310708897
0.7161449097254213
0.7155416670089189
0.716782286110196
0.7175816585071414
0.7164857998699545
0.7160816588093221
0.7165493636200696
0.7163745727177491
0.7165804745380585
0.7153954052435363
0.717572065840016
0.7175305029291438
0.7160151683612385
0.7167440186393047
0.7157440419943041
0.7176413604519462
0.7156858775967896
0.7163176442526763
0.7168804629149897
0.7168009436342788
0.7164108232969677
0.7163864903212237
0.7166058742354694
0.7171714976767569
0.7158257841011568
0.7165928933559187
0.7152059843711145
0.7171560690219877
0.7160276420677237
0.7164619637499651
0.7151688500448776
0.715908788249333
0.7167382380129961
0.7165869670634015
0.7157135380716477
0.7158042846175922
0.7172612027153804
0.7164688825825755
0.7166015913573548
0.7166674198449572
0.7161403330687309
0.7157669900754258
0.7174043941203795
0.717115007506356
0.7163353311268179
0.7156026823074996
0.7173143233241294
0.7158064134554543
0.7160915575958953
0.7166902521053369
0.7163027858237387
0.7169612836325808
0.7171250854791191
0.7154651096228476
0.7164975939029385
0.7159519619837442
0.7170006304017699
0.7163974929467106
0.7156464013723436
0.7166360836005633
0.7161025651855638
0.7160680220703509
0.7168835930101152
0.7166870026657769
0.7167577973412671
0.7164182625449351
0.7163250898826286
0.7173832480461345
0.716609081189229
0.7165545762742377
0.7159931192832701
0.7173195505325092
0.7166822091457412
0.7172138080324494
0.7174042623523321
0.7163813529199494
0.7169949189652517
0.7162367145183951
0.7164613947935812
0.7166568971066049
0.7165171551323546
0.7158922239549037
0.717264139502878
0.7146231707822933
0.7150230090789108
0.7157284031199922
0.7162003990613512
0.7161062185629171
0.715683753734047
0.715908272319927
0.7167196294485104
0.7174227623177393
0.7159285151680135
0.716532401649458
0.7165615638412167
0.7166548108010429
0.7164962695437244
0.7163313681309412
0.7167888358852015
0.7170072579815776
0.717656583379254
0.7169220096145381
0.7155973121822672
0.7171155800284374
0.7159146559902275
0.7164825166373205
0.7166675592114004
0.7175648435612765
0.7167795821740248
0.7169964691429174
0.7156537035230809
0.7169590496754091
0.716343153260732
0.7172870220464876
0.7165933715356847
0.7159453265455307
0.7164461339037385
0.7160166296707486
0.7156862400889661
0.7161468143696951
0.7167612074374747
0.7181263917501406
0.7169199421386848
0.7153945893719381
0.7167599230832187
0.7149205277925873
0.7169569535827631
0.717743679292798
0.7171092700649611
0.7160064542882815
0.7163809848492741
0.7163497836711507
0.717142524624234
0.7155303259701173
0.7168805151584442
0.7169823546665571
0.7165715464245246
0.7172191888390955
0.7169843606195616
0.716880092442733
0.7165448994101178
0.7159737942304222
0.7162550721327033
0.7176496173379779
0.7165357353636505
0.7174129196614011
0.7165188471975172
0.7173486875951476
0.7157337530179914
0.7170928123784988
0.7172215302783103
0.7162178119373559
0.7164509592329386
0.7176598377593237
0.7172954555869445
0.7161998915025813
0.7174545055431939
0.7166401472228826
0.7167299821823709
0.7172316574384894
0.7169847009140017
0.71680225528428
0.7176057745819926
0.7172843767733583
0.7174962934954506
0.7175792140367827
0.71653164681241
0.7165979377508698
0.7165459572276999
0.7171974579368562
0.7165085886809851
0.7180082113781734
0.7174958927999259
0.7159752440753893
0.71774555065074
0.7171701694310745
0.7170924311896809
0.716528802326154
0.7163178480006913
0.7176619898413843
0.7164241985531936
0.7167701350587719
0.7165326671599456
0.7161991267198219
0.7157924369059334
0.7160309726867595
0.7172549597133646
0.7162002178729583
0.7164528039130666
0.7156653166435923
0.7175122683953135
0.7175098544371512
0.7169922176752302
0.7163763793165019
0.7173763137139566
0.7166405450492666
0.716370415222537
0.7147019935471808
0.7167793207087708
0.7170047421144818
0.7177821472115249
0.7164194742416977
0.7167617683897513
0.7170102811819317
0.7171847696801119
0.7166927906834575
0.7165277778436007
0.7169605227399904
0.7165795695067897
0.7177464844369706
0.7175701334403649
0.71671796210155
0.715859066215448
0.7179636812379762
0.7173831883980878
0.7166999904520673
0.7165928474139477
0.7160622139769773
0.7172983251014835
0.7168404914828664
0.716451144088928
0.7171923160494746
0.7157819875907663
0.7184397223301653
0.7160289886550505
0.7173551984603717
0.717611816140554
0.7169819568075284
0.7169877877172334
0.7171265120972516
0.7168113362255839
0.7174923287402548
0.7170955347539487
0.7167811219578657
0.7174464173525128
0.7177045701870349
0.717928030907093
0.7170103786572867
0.7162278126438564
0.7173870410244899
0.7185677199065844
0.7159106170675311
0.7161588595393559
0.7174275684188206
0.7164485730442973
0.7173836733909892
0.7159123598884114
0.7181370200213232
0.7176614994259352
0.7157904070533916
0.7166986875294854
0.716564666618262
0.7183691434737994
0.7155138230544763
0.7169968094485936
0.715823727242886
0.7167786146179502
0.7170501191780114
0.7174826690131071
0.7164474757892427
0.71795320160713
0.7168978983294002
0.7170806127190302
0.7172279715101502
0.7171871957394863
0.7169057449987991
0.7189554888892498
0.7175519371618791
0.7168303263407875
0.7162175384130843
0.7180093983273923
0.7145546113016402
0.717286368929564
0.7171172918564271
0.7178205082070899
0.7172605966399077
0.7174264618459278
0.717385500929308
0.7168066654371273
0.7157697579172293
0.7168073558394394
0.7171321573507718
0.715585992305341
0.7159064338479186
0.7177681453235668
0.7165817013233625
0.7172643826142522
0.7164939557921194
0.7164453177109
0.7167647384641392
0.7163164461922703
0.7165354295148549
0.7168453795114899
0.7169636477624773
0.7167482164284246
0.7168894918765338
0.717319786788506
0.716100968532007
0.7175579203760403
0.7164225619983999
0.717039203067275
0.7167768209217376
0.716470974988881
0.7170044272434777
0.7170829401022378
0.7157392249174673
0.7178494047987164
0.7164378685734202
0.7171967616280622
0.7176808617350268
0.7159881998754859
0.7166491778131413
0.7173595163742396
0.7160885712757544
0.7187437570569566
0.7162169950762332
0.7165080644105148
0.7174180590478996
0.716957995797457
0.7185137492023109
0.7177444935991276
0.716895343609445
0.7165621144944714
0.7169377135221423
0.718191270819892
0.7176108095903906
0.7171945259820839
0.716804317840791
0.7175962572389908
0.7165176486261029
0.7179438153303025
0.7172125423919836
0.7163241676692315
0.7173687203716241
0.7168274381445956
0.7174465569336784
0.7153186350640199
0.7170004547421681
0.7153073930266199
0.7165446779686225
0.7171991740859905
0.7166481851687588
0.7170365582792538
0.7170437102768507
0.7167059074168657
0.7181740363377965
0.7164724452646807
0.716824718210993
0.7168294895947187
0.7177888848999088
0.7170470822602606
0.716597483418406
0.7170686736875075
0.7162832993535605
0.7170204262163662
0.7165052557399407
0.7180442909231967
0.717660355452288
0.7178835220099998
0.7166391987555474
0.717791041935853
0.7170116312467674
0.7179710809597643
0.7169947849567231
0.7166802860722918
0.7168228201280319
0.7173893686067312
0.7169214831367094
0.7174053961434186
0.7169843075116915
0.716735239421779
0.7179802158648367
0.7165256280025093
0.7158595243092475
0.7176736842418052
0.716466372346897
0.7178500208039468
0.7183182939004401
0.7165232205855742
0.7170215284852545
0.7166836134844846
0.7178310595206788
0.7175690315088397
0.7172861731540313
0.7175722879645364
0.7158452809740035
0.7158676044067769
0.7171695317233854
0.7170033608335089
0.7168500518251826
0.7155874684812156
0.7159409847008407
0.7179355524640991
0.7176511876591324
0.7172362798014754
0.7169601956010161
0.7177150847865263
0.7175907962919525
0.7175577999995346
0.7167718861333775
0.7162947219332767
0.7173838856910265
0.7176846133720899
0.717926508636929
0.7190590368496903
0.7170185480754603
0.7170641205034813
0.7175011549001185
0.7171307525600309
0.7175517058047931
0.7179970386294184
0.7166690988975722
0.7163666255110016
0.7169479349342821
0.7179188925461776
0.7192461823054908
0.7177561621014488
0.7170112066414664
0.7175006663212357
0.7165450639406292
0.716760639858308
0.7171038374544112
0.7164615159118186
0.7168903947667629
0.7157369343252309
0.7172125897293036
0.7175316594305161
0.7171148197484076
0.7170791790419462
0.7177212171609976
0.7170077053371919
0.7181244495132958
0.7173380009817921
0.7163933615499348
0.7167669932329725
0.7172137688622895
0.7171480192826317
0.7170264631994452
0.7169217094738316
0.7165139168840154
0.7176141659926474
0.7179204876685931
0.7161260730019978
0.7156870359689783
0.7172384123875973
0.7163810838242931
0.7177353601662771
0.7169010033052365
0.716733220503186
0.7158852286276837
0.7163843651937064
0.7178199536335402
0.716147985981922
0.7160983212662009
0.7178660033123835
0.7173374998983257
0.7164708144210381
0.7173770990241821
0.7176976475382917
0.7158059777301752
0.7162586599965968
0.7161296983066703
0.7169221570295561
0.7170215178598182
0.7166975661115629
0.7168991789196987
0.7154016360752324
0.716585458238891
0.7178714110352051
0.7167716017952174
0.7173710821668984
0.7178876396798323
0.7169247043828004
0.7167190917640349
0.7167344642415894
0.7162438920420183
0.7170731139488372
0.7171072088017578
0.7168910700934374
0.7176046748186051
0.7172414711036302
0.7164630831389472
0.7166586579370849
0.7158951366790753
0.7180321339522238
0.7151515599616759
0.7179511058897923
0.7175152451853587
0.7158424682484289
0.7168358418920856
0.7166090627611574
0.7171255021002482
0.7169393064035876
0.7180569371583622
0.7168297079392917
0.718344919338017
0.7171687928402316
0.7161041436399493
0.7171409248576086
0.7166543510704703
0.7170306694008508
0.7165074894526978
0.7173812139598119
0.7162318927582144
0.7170365166582994
0.7174598773484453
0.7186347595896652
0.7174519764349812
0.7171876188573411
0.7182681215387383
0.716693639696436
0.7161498992704796
0.717215578482605
0.715756779040578
0.716414052923834
0.7174671310180122
0.7169198866878339
0.7166619639684433
0.7162627821255759
0.7173685332298219
0.7167243127376355
0.7180930106764639
0.7169984206714947
0.7160232958901304
0.7167770862469695
0.7171037199195379
0.7168616897648739
0.7160498269636676
0.7165757292829654
0.7169290499853898
0.7176390251998085
0.7179190212428295
0.717212673260039
0.7169953093224274
0.7171460266282595
0.7179970599041932
0.7165403793091449
0.7176297202212173
0.7158712633588786
0.7163115159445133
0.7173046142087491
0.7156521971328915
0.7169517589821549
0.7159649087119996
0.7174657568725666
0.7166650093725352
0.7167105385308596
0.7183264488861993
0.7180604302116466
0.7172687702978018
0.7175584715826201
0.7176689269820442
0.7177551147696947
0.7182398978580977
0.715721817431934
0.7165611598905809
0.7164405660921506
0.7171193602562005
0.7174609527728244
0.717554317299128
0.7163653449586702
0.7175457155346027
0.7162739710497962
0.7169126749570844
0.7162146339603044
0.7171410059372957
0.718278551043646
0.7163616569511991
0.7156312219308139
0.716038637318865
0.7178812391088966
0.7169323069484829
0.7186300954530122
0.7174677775400905
0.7187524795646797
0.7169584462727931
0.717282388712553
0.7163962482468849
0.7170052603445899
0.7178064926902801
0.7165097241318592
0.717741644223501
0.7168050174995172
0.716981516037647
0.7163147756828623
0.7159113639852365
0.7168466341189547
0.7168851608768125
0.7175521920246665
0.715972996723432
0.7167722209088125
0.7167413633884585
0.7171116486207171
0.717157609597147
0.7153962976899285
0.7170681491774691
0.7166267639697795
0.7171633099360235
0.7167342978290796
0.7167907321142762
0.7169732783075505
0.7171332186938868
0.7177527763265344
0.7170702317133929
0.7172801328527214
0.7160041083524696
0.7169490066929096
0.7173473589861501
0.7180924417358024
0.7164838641142929
0.7180760351643964
0.7176499717717837
0.7167886046341094
0.7174698331588059
0.7178822615668825
0.7178170633509662
0.7170230058728765
0.7162739392711367
0.7179483107979382
0.717766814974324
0.7173027389035386
0.7169302321739889
0.7170051351874682
0.7171529263865244
0.7175566352440217
0.7170356866168578
0.7177040117818025
0.7175588120308548
0.7174067408123298
0.7174957694342854
0.7173451427168925
0.7169718743731103
0.7166860375533861
0.7172344596438451
0.7166319757067801
0.7176383355306447
0.716850814467878
0.7167794942044093
0.7173049394236445
0.7186352028000635
0.7180015291784646
0.7175062524559399
0.7158153850354739
0.7163631851341417
0.7158889895088723
0.7168369549574573
0.7169619173749997
0.7169413608069641
0.7162623336157169
0.7172975541416232
0.7183090877643107
0.7170744747782629
0.7171319306816427
0.7182762605040193
0.7169172670587263
0.7156585310454361
0.7161452712145921
0.7179491993074956
0.7180227613952962
0.716780110659512
0.7170417495855536
0.7173740595943766
0.716868070743331
0.7165272860844794
0.7171119895026206
0.7179652859676006
0.7173979541283174
0.7171806241882571
0.7179183082245116
0.7178617925668916
0.716596048291881
0.717214340802697
0.7184603796211785
0.7174680487385278
0.7160946712709528
0.7180394653557297
0.716865320508003
0.7162653897733425
0.7174060560719582
0.7177908944109685
0.7180973715553631
0.7168594717413862
0.7170994897504634
0.7164260249612835
0.71733348325178
0.717796493954871
0.7168177043937995
0.7167915538955483
0.716878304532233
0.7165235635312271
0.7182132060041652
0.7163656493994847
0.7166847266654011
0.716838941554981
0.7161143444311604
0.7162893645980752
0.7176450615171244
0.7180425988204665
0.7188915837999178
0.7175216136346062
0.7172429399824266
0.717436788372801
0.7182289137113769
0.7164841362953754
0.7173263774259918
0.7168363320853444
0.7179781010445864
0.7173510456553882
0.7170212797963803
0.7175142305495686
0.7174291844230212
0.717228596667215
0.7168669858394573
0.717534626742593
0.7170447990590881
0.7166687693763865
0.717401341201506
0.7174503776022135
0.717055655995129
0.7162236981164137
0.7177267855407488
0.7165667311358664
0.7169771111714413
0.7181946040228803
0.7166232569009224
0.7171603559082349
0.7182835184394395
0.7178002516654713
0.7179720393820795
0.7178415128971839
0.7160529538825504
0.717131717592505
0.717333500499311
0.7160581221128564
0.7168868421176109
0.7172046971733443
0.7168152065647226
0.7179836099876964
0.7163116791354212
0.717458201760482
0.7167523892753499
0.7168386114122418
0.716876554435793
0.7177074286918927
0.717107217219433
0.7168708138865916
0.7175947504934922
0.7177204026730314
0.7161645681239258
0.7165041474444119
0.717754507148078
0.7166580440718513
0.7165312300464979
0.7170998715925033
0.7159455250536536
0.7169872786749757
0.7171100141676479
0.7173983965731767
0.7178294421253615
0.7159211165142648
0.7170144586917152
0.7169828665408512
0.7171671616368954
0.7164950893425512
0.7179000500408453
0.7166419648220362
0.716471147859275
0.7172633643701241
0.7172400832469247
0.7171224251700405
0.7168866944885403
0.7173816098737883
0.7176413546400755
0.717042027210267
0.7164895292181841
0.7174212105877644
0.7167902703151192
0.7178958759142184
0.7178249765430553
0.716422507922606
0.7158385717526032
0.7182531496689742
0.7166096974000296
0.7165556399037963
0.7178505893656218
0.7164340962448478
0.7156238490347212
0.7177810020431343
0.7166770813750403
0.717216854408821
0.7175185957080976
0.7185143231187991
0.7163341804602592
0.7173281802892536
0.7168426661308822
0.7166433618301424
0.716308932982706
0.7176096151185241
0.717140345365864
0.7168942814400985
0.7170483865943192
0.7174624466724471
0.7162257435944975
0.7159210943281823
0.7165333334725752
0.7176076163805547
0.7170295419265174
0.7172285674545256
0.716452916070658
0.7168821770321473
0.7168669354941164
0.7173235526572079
0.7164011852545887
0.7181338077210667
0.7172011649116504
0.7174257413879449
0.7174638161249662
0.7160781537098952
0.718461974122077
0.7175887312383498
0.7161571289307004
0.716883586141699
0.7172983414783536
0.7173935651896959
0.7167130788775604
0.7174073479829157
0.7183349393883168
0.7175512895304839
0.7159410908669319
0.7174943122942585
0.7176729172034624
0.7168266825772714
0.7164183002462885
0.7179039694573848
0.718168727396395
0.7171701632105811
0.717277842821665
0.7167582573972399
0.7163971406068858
0.7173281359473143
0.7167921118230857
0.7165502003982401
0.7179878427393728
0.7165959934593711
0.7174772810806942
0.7173728146726016
0.7170309033766874
0.7166218565265335
0.7164577081503343
0.7164801334433445
0.7169366607695712
0.7175161172895318
0.7153613490707721
0.7169242130558628
0.7165510491536464
0.7163755197875911
0.7172470162872041
0.7172373454470927
0.7172707750593428
0.7178593426236813
0.7171519317845991
0.7175761939457478
0.7170911328127477
0.7179296632271585
0.7175448750059568
0.7163537844350177
0.7168007994194676
0.7181599897050681
0.7172098237734893
0.7170259730066578
0.7170411818958787
0.7161795850294133
0.7175636612063182
0.7164760682994853
0.7173056585986916
0.71681033050095
0.7157384809340434
0.7155138921777087
0.7165771861515993
0.7175270901390433
0.7172072095393348
0.7167013733748772
0.7166432775911528
0.7176015562800389
0.7170188178364784
0.7177184101651081
0.7172576424610151
0.7167396564794067
0.7174823265946497
0.7176374866963223
0.717516943754402
0.7173772978195069
0.7164172506237283
0.7178166343410214
0.7165018952343469
0.7169741280235512
0.7173633701203154
0.7154683053072575
0.7177304185986729
0.7184271672103248
0.7163115012165008
0.7171004168045507
0.7160549037897005
0.7164379400430763
0.7167512524467691
0.7174620773197055
0.7158052580231639
0.7173525282023087
0.7169103190467344
0.7177014236886766
