0.5002249999999998
0.500148655962785
0.49988575596334933
0.5005375532316727
0.4989557944116521
0.4979248813930097
0.49440523429000144
0.4888032267335653
0.483996170850233
0.47593095681020087
0.466628916090307
0.4588369509349542
0.4529466327620677
0.44696535950682703
0.4415840707208919
0.4361252912716008
0.4327144433802231
0.4276961426091529
0.4258261271700892
0.4220848661486437
0.4193833539795526
0.4140907547869154
0.40985266791598834
0.4112147751099187
0.4062781364876797
0.40155601613088315
0.40054433674084405
0.3961471194319538
0.39448859110936996
0.3897604821353387
0.3871567936645532
0.38261372810124866
0.3814107588395666
0.3767182459737667
0.3747894824235732
0.37218046648753417
0.3670256224097257
0.366874675608314
0.365629162288646
0.3595027068301405
0.3567254852208426
0.3517385417803622
0.34958766256712215
0.3457034354478315
0.3422140042436248
0.3419287382283674
0.3385241780452418
0.33557142533046025
0.3292881443605957
0.3303434483943202
0.3307489861757633
0.3216213830759035
0.2785678015645397
0.2760395664739906
0.27382036054831627
0.2736287451705003
0.272381588387157
0.2727737221883335
0.27219512875144064
0.2708317019684337
0.27010838717188457
0.2707986337885723
0.2700147545611126
0.27102416058424905
0.27088126218613345
0.27083329616382
0.2713014679854851
0.27098825349677663
0.26930184956269576
0.2708861649393522
0.269658318051883
0.26913441291170576
0.26900309935878514
0.27003342905951866
0.27024078309378863
0.27070888545718547
0.2702756298709592
0.2690828107492848
0.2692749922013898
0.2689242858798778
0.2685583541734657
0.2678014486033959
0.2688867055149663
0.2704102245124302
0.2693090513226483
0.26881538043348363
0.2684032885058396
0.2700939436288475
0.268328351656308
0.27023050678647964
0.2688852493602399
0.26844742710485764
0.26956153896291957
0.2684589486498004
0.2688947889636909
0.26801268560792957
0.26773104988622315
0.26785933279194735
0.26870706135092726
0.2677788103007143
0.2676853152161399
0.2681204655675322
0.2681035301306659
0.2677984349835256
0.2664336055393304
0.26629686127284286
0.26799578305460764
0.26811100456983583
0.2675485899952752
0.26846659266398804
0.26756573276513756
0.26717997646639713
0.26823876736068114
0.2668546512936867
0.2680781923868919
0.26756232959345466
0.2675445025256108
0.26733651346596754
0.2674633694025329
0.26744273710984373
0.2671750862689487
0.268408518141692
0.2679117093374086
0.2673268814598759
0.2676640154838188
0.2671894927091119
0.2665112060097537
0.26660418390297974
0.2675274187228604
0.2673290154386266
0.2676033008853316
0.2669749946908225
0.26768509156417514
0.2658752350383717
0.2671628921526093
0.26693844708097464
0.2676528479874529
0.2669116393614478
0.2671913776026299
0.26718831151196215
0.2681003265628249
0.2673324044713618
0.2672679970564125
0.26679952750727925
0.2670031814404342
0.2663805921794309
0.2661051309380782
0.2667881638064528
0.266592915834501
0.26687706905427006
0.26602412451188256
0.26651273403971926
0.26656071638430834
0.2666628196677881
0.2663863604430104
0.2671989703162837
0.2666792323078976
0.26690122925566706
0.26649841721630396
0.2663180966660244
0.26528692452859914
0.26667226946253764
0.26594938427324266
0.26688707401102446
0.2659137275924358
0.26719119441633415
0.26694073129434304
0.2670873061590156
0.26704204868504283
0.26640462859291075
0.2661387523482005
0.26666895193139556
0.2673869032248215
0.2663461616843161
0.2664464655366447
0.2666022547109526
0.26593005000119985
0.2652597969893046
0.2650935682652083
0.26659965633548915
0.26704980626676766
0.26654270741337827
0.26602754455843736
0.26611532558923245
0.26724760759966076
0.2666997933731322
0.2652488237842567
0.2658463373466763
0.26613323304439285
0.2663893298303656
0.2660650004373458
0.2662158098417121
0.26558228685424845
0.2662263472805932
0.26708959661488724
0.26724516027948203
0.26565785157942295
0.26509351536680864
0.2660977131531856
0.2665668438199554
0.26569006790875493
0.26571627346218013
0.2659296412795744
0.2664643775658002
0.2656477188010403
0.2662945570841768
0.2661869237163376
0.26472002404603856
0.2659181865929712
0.26567713787127767
0.26637804364186657
0.2663147857271843
0.2656409967951592
0.2656695743252389
0.26604125199248446
0.2654907021159492
0.26546185387853766
0.2655553269028339
0.2663950597630869
0.265166798850544
0.265840704353326
0.2657105355620085
0.2657400864963951
0.2653833028292734
0.2647910353532719
0.2662389126068202
0.26536466738041997
0.26533756870361336
0.2674817412724069
0.26648211924103565
0.26593465286498247
0.2665428649361845
0.26589136901978305
0.265808048700761
0.26493168379865284
0.2660103127214694
0.26606445983679494
0.2661445122514381
0.2667564774749312
0.2649728492545826
0.2665083415220121
0.2650515408633807
0.26528110664513055
0.26473970525472834
0.26446892585071047
0.265596607917946
0.26534621813500564
0.26613142356385777
0.2643747683820695
0.2656848462257957
0.2662658696064798
0.2659284868369303
0.2659350063669843
0.26615216597523333
0.26643806806594905
0.2657707049725183
0.26510475122826277
0.2658390096798722
0.2648388985071173
0.26459926890722885
0.2660057710171337
0.2650472139681733
0.2655786665585636
0.2653836589482372
0.265902531253434
0.2657136226321953
0.26591855356896027
0.26537788965860093
0.26622172488749846
0.26562081219432493
0.2653776323855657
0.2658672067554743
0.26515656995718845
0.2649361797011529
0.26472818027264317
0.26523242182727247
0.2660176780827643
0.26491863087883255
0.26550091595896363
0.26580799748367245
0.2665396198314313
0.266444321081438
0.2658921763575624
0.2655466314171766
0.2653507257392058
0.2651504855391788
0.2650888581675869
0.2661054603958471
0.2637709189751738
0.26507231065027265
0.26536806900539395
0.2654723836627392
0.26474007514339165
0.2642718120506271
0.26531918436368784
0.2651808196370238
0.2651119509604499
0.2651348520159878
0.2652416828791123
0.2657583479156079
0.26430222405244364
0.26447675868087583
0.2654641111730761
0.2649695248060987
0.2655468521578587
0.2646325695180881
0.26538313450422557
0.2652160067445221
0.26507032267885866
0.26489411093162796
0.265043394886233
0.2653848432577284
0.2648398566614727
0.2650564849097911
0.26539733526091025
0.2652998273014079
0.26633998874650683
0.26414149720268726
0.2653854544509583
0.2653678727308561
0.2664713691842789
0.26540638005171496
0.26450565359368
0.2651711436610133
0.2662967818156541
0.26535675757968363
0.2649518204802989
0.2653927276844509
0.26482469224525235
0.2654550339520039
0.265557959601546
0.26601368837643696
0.2652899774257554
0.26492789711457104
0.2648274196556357
0.26557162550710023
0.2646483411076473
0.26585640999663546
0.2650629840386429
0.2653127421366897
0.2655210469870449
0.2649278358349189
0.264751609008894
0.26542141258907703
0.2645342976195712
0.2655492858002694
0.2643693556315824
0.2652723678162239
0.265570906451027
0.26523390717544715
0.2650064155160042
0.2653180913146412
0.264523718810444
0.2647804653097886
0.2645465103275465
0.26581256205877163
0.2650753790250907
0.26485105777050216
0.2652541027129822
0.265026130720923
0.2658068612829917
0.264020345645749
0.2646279344639325
0.2646874896562458
0.2645598221462395
0.2652765615109624
0.2644650276328214
0.26504243985482673
0.2647162594081638
0.2648810169226723
0.2649686915578913
0.26538863497554066
0.2646813631737501
0.26633493029390604
0.2657000767274539
0.265150067464503
0.26529102468817006
0.2650430507254096
0.2658293978444952
0.2654035391227512
0.2658719230808785
0.26465217113252565
0.2658058022512051
0.2647761486819624
0.2651291544864959
0.2646974663125938
0.2652907857641989
0.26570124015119867
0.26486680240673627
0.2648963398963176
0.2643016763872765
0.2642502720665817
0.2654078215157861
0.26479852929626096
0.26506425713640736
0.265102169357464
0.26503991787284176
0.26450948491305865
0.26424449576436637
0.26478995466979216
0.2662012240290685
0.2654308811315588
0.2657890439953709
0.2647771011948351
0.26500286069280055
0.2653817165489656
0.26561039415314036
0.26549738558538555
0.2654657946911975
0.2655619633206121
0.26509963933852865
0.2642846683166282
0.2646034442704523
0.266402365266155
0.26524617895130825
0.26554534149614
0.2646039164952632
0.2640688029349599
0.26470816599898056
0.2653711194411169
0.26560477214908623
0.26533888681340284
0.2651278356987141
0.2660030908267943
0.26486033470594494
0.26477602153513663
0.2645169800559685
0.2653294220663671
0.26410675271914863
0.26443106479285805
0.2650733607638304
0.26538790912527355
0.26500323554294114
0.26428193431226327
0.2653025478893181
0.2643005898878751
0.2650602444203329
0.2647509071741046
0.2655517678896875
0.26449651951025266
0.26431822339661815
0.2650781310634688
0.264510872525324
0.2647767273785767
0.2645047034791499
0.2653611205769979
0.2640910452293447
0.26480204769563764
0.2649493951077344
0.26459855572667257
0.26506480296513324
0.2647660630306102
0.26388099857326336
0.2645435440539041
0.26431279511013556
0.26448734956763714
0.2648714465247185
0.26510891336631465
0.26502868326244966
0.26435157074565174
0.2654371367368853
0.26458062735045124
0.2645011857840421
0.2653741621014156
0.2645096330380067
0.26475641431351615
0.26447947663479676
0.2648806323882
0.26508820354281254
0.2638891140280494
0.264255344246777
0.2652041071717571
0.2657696054183782
0.26500641516483336
0.2656861824249735
0.26583773317360326
0.26401753087110674
0.2657433097044077
0.26540889916018867
0.2658805808123296
0.26468687399470836
0.26392791625327106
0.264905753073644
0.2647941660886684
0.26394039574325767
0.2646697201680247
0.2656065063506927
0.266744336251092
0.2650309791555292
0.26516207436798733
0.26398992168484714
0.2652457924898769
0.26496811836006223
0.26487314611777957
0.2650340734895417
0.2653169663869821
0.26505237187480146
0.2647247837638439
0.2652267289362779
0.26424444275717823
0.2647748811145161
0.26503492023605396
0.2656989774230269
0.26401561611893937
0.2643658124879641
0.26426026813882847
0.2649737257281756
0.2649213667996397
0.264454648986821
0.2650058959431989
0.26575169875411386
0.26423691747997874
0.26579417874387784
0.263578216637745
0.2657341333018585
0.2644421986998433
0.26477398511603856
0.2647804164901032
0.2647106473470965
0.2645279628082679
0.26449786588321866
0.2640577750745894
0.26455386545901927
0.26531961513016994
0.2646585965585518
0.26415675063866817
0.2636637847336187
0.264789262334883
0.2649648849306573
0.26415447382054724
0.26385553669951267
0.2651918499296559
0.2653540100726701
0.26415298644140206
0.26537854841066
0.2641700730687614
0.2658668423810026
0.2640362131302636
0.26403885310586384
0.26571748782645555
0.26509053423555334
0.2651515733505018
0.26363719208217906
0.2652909211041404
0.2646127685071961
0.26582210712555737
0.2651842954887095
0.26516616973731705
0.26494113410043263
0.2656861218732858
0.2643376228432077
0.2642999068731989
0.2650191890208262
0.2652426842741745
0.26496675023662514
0.2652873832995943
0.26325513581060433
0.2640166173599109
0.26490989262976183
0.26524449230449415
0.2637561275883268
0.26612345020863226
0.2643817222714901
0.2647395397915364
0.26407351000155715
0.26436861160635544
0.2645259816438265
0.2644106510456131
0.26506665872026114
0.2651709789364323
0.2651817123081915
0.26450522636467944
0.26636305342416233
0.265991038652654
0.2637323719426065
0.2651450852653962
0.2643830636750557
0.26477590462273004
0.2650015740105329
0.2648028938812433
0.2645691352849897
0.26555286752917184
0.26481516441899494
0.2643588422107793
0.2651761708479312
0.2645117787505518
0.26441425196150303
0.26547700977526995
0.2640260551278141
0.26520361976631396
0.264928725980356
0.26486280479654
0.26548735446493416
0.26440210715908635
0.26458986539282786
0.2659906122056884
0.26469808664152117
0.26501439469038063
0.26488720856212905
0.2640619588265529
0.26601408626522827
0.2648518590184779
0.2637703987835503
0.2656127653157226
0.26308301188265576
0.2647693745622006
0.2653873796441389
0.2639379482799229
0.2646405399976267
0.2638409571055945
0.2641428666153258
0.2647114581620084
0.2650081601708077
0.2650018051948889
0.26429060210690214
0.2645664168941153
0.26437531651540425
0.2652003891646086
0.2646435945058456
0.2654050033381413
0.2642002059635743
0.265158886704355
0.26514616931760226
0.2642719530401689
0.26505860662638747
0.26425011309352636
0.26533680997468845
0.2640448939120929
0.26557326379342167
0.26430405593796685
0.26499095623412505
0.26514524855015265
0.2647546419826392
0.26426734844530214
0.26542627706673916
0.26427769317032923
0.2652693547562598
0.26508316842920016
0.2652021920950244
0.26343575248045786
0.2645269431832593
0.26460292010401454
0.26485154180554804
0.26490415915116866
0.2643180784573079
0.26445967403653803
0.2637849843641177
0.26329697766113486
0.2638386044153886
0.26497646157386556
0.2637786756309409
0.26447782715503304
0.26405639934183806
0.26502283548525585
0.2655945703928615
0.2649193379085315
0.26433748157988757
0.26496895592740544
0.2641428900167529
0.2644234732706142
0.26489907796150863
0.2635732023237482
0.26453363759026793
0.2654782641622382
0.2646751128595947
0.2652899269420994
0.26380147228248274
0.26388111543543236
0.2653938165826811
0.2647815970443648
0.2652602545657222
0.2647039451690813
0.2644134915106436
0.264191975977812
0.26467199624033566
0.2662696056802893
0.2655439768551735
0.2647757871599318
0.26510252294880576
0.26504177633781956
0.26570395175909833
0.2653612795510899
0.26458701590617417
0.2648196893653263
0.2646252535464878
0.2646904653387407
0.26397072836463165
0.264328274928611
0.2639386687867232
0.2641113486901113
0.26516681289043176
0.26459844584153347
0.26390541375274945
0.26391460745594003
0.26315809452909017
0.2646814477184199
0.26463016280177154
0.26493458605723785
0.26543244459571147
0.26421387614683617
0.2638587832416151
0.26493070467498403
0.2654391467072604
0.2647766843586219
0.26463656890833226
0.26313983359223203
0.2642061222986627
0.26456834655455597
0.2639342257021647
0.2653672023466666
0.26471384851273344
0.2641884461034404
0.2652292376912494
0.2647920787818354
0.26570899080511956
0.26448298146818805
0.2641191200683378
0.2643082535587639
0.26431556954549323
0.2641766370129299
0.26481785386128903
0.26419929953069987
0.26454414429216755
0.2644566676321121
0.2648073878232369
0.264721531867492
0.26490355808049937
0.2644335463117343
0.26493331660028707
0.2649381847759824
0.2641790418387387
0.26353379567314855
0.2656980889685331
0.26553228583945204
0.2640755084159951
0.26572645056806776
0.2644061867085819
0.2642670503316465
0.2649816300611194
0.26513171524726936
0.2648997432859685
0.264300868396387
0.26482064537894046
0.26490854482642684
0.263983814154295
0.2647423776176262
0.2649491608762294
0.264682935115487
0.2638113954220491
0.26536385548098523
0.2651127922244641
0.26570210293738983
0.26431322754823516
0.2645941526520114
0.265298994928666
0.26453060693050623
0.2659896689900057
0.2646299080835713
0.26360277909858615
0.264944252845796
0.2646854352719793
0.26390489343444
0.2646768025855145
0.2640147983238333
0.2645821153332771
0.2651284355602097
0.2648469842212494
0.2647545281843928
0.26482533079444937
0.2640841254866631
0.264609343659359
0.26506456847047705
0.2651226277596221
0.2655487088032665
0.26362938265785396
0.2659771606074787
0.26386328316534224
0.2643588733999282
0.26524556707719305
0.26439510857605564
0.2651182684860486
0.26472213294651825
0.26528170701285825
0.26424874776193247
0.2649693849232681
0.26401076688289127
0.26476691208831754
0.2651019150860718
0.2644502101187761
0.2651894197219608
0.2645049062977745
0.26473815793639405
0.2644225411044754
0.2655603303266081
0.2643996410800685
0.26470018503060194
0.26333123051199225
0.26441215737347273
0.2644751850418954
0.2639306003338468
0.26514915533379907
0.26514114464689753
0.2644275122875505
0.2659211880210367
0.2647210849905491
0.26465658210229004
0.26457135100584256
0.26447244604142967
0.26519420406923155
0.26471629796701046
0.2647980371711362
0.263691904373096
0.2648457944020933
0.2658770877228959
0.26525109608608455
0.26500690396437615
0.2646321534464823
0.26618398121921966
0.265699456930426
0.2644274160106953
0.2639812131154444
0.2638330839269486
0.26429425903025733
0.26450886891431025
0.2645356877579304
0.26320264279501926
0.2651199585262412
0.2647205488911091
0.26570859757364756
0.2653439606347471
0.26449094379384147
0.26562743951879825
0.26551210952251275
0.2654610347148714
0.2643711697565133
0.2654832070448843
0.26462362319294574
0.26369510821403586
0.2640494178392582
0.26436381941170406
0.26410243614152956
0.2641292294103012
0.26401348377964434
0.2640002346861371
0.265081498957316
0.26468794369283494
0.2656444281444489
0.2656566461502591
0.26486089189205353
0.2639848452071267
0.2655152836934698
0.2648987191388542
0.2650164922057028
0.26461714476707754
0.2655420890202038
0.26456538297837634
0.2643100991622429
0.2653901578222
0.26571697176773834
0.2648736556623212
0.26401534171211183
0.26480491405022055
0.2636801820455916
0.2639607274374761
0.2634590870880878
0.26460110160537703
0.26452413039119943
0.2648156014266951
0.2643723098961659
0.26401157281696946
0.2649939057738341
0.2642288528659871
0.2650633531177379
0.2644913170512163
0.2646887994690695
0.2655267399768421
0.26521800136836315
0.2650796864964598
0.2640931688034814
0.2655687877932747
0.2647086499290381
0.26508105051867203
0.26505952690011947
0.2643282041346447
0.26507019649852964
0.26503567351814206
0.26504393529126613
0.26440435543066987
0.2644632686321819
0.2647126960442269
0.2645668159344839
0.2639300342366383
0.26403227836279614
0.2645254266612516
0.26446041611462784
0.2657596522749284
0.26466824710813325
0.2646063723201762
0.263828861751899
0.2655382481919059
0.26461026951790406
0.2644804293324259
0.2653588730306016
0.26460783181497394
0.2641156251334994
0.26464150622347615
0.26448721293955596
0.26549460629653826
0.263833376936912
0.2642774985114431
0.26460381370495234
0.26469922241452654
0.2649607103837432
0.2647718865509002
0.2641251128444839
0.2649299707038002
0.2636575394533783
0.26476569906362285
0.2644980521383303
0.26431594192689334
0.26513457663874873
0.2645629995507548
0.26468140809804336
0.2647818297580601
0.26569208147058965
0.2639653657771339
0.26489424077790574
0.26510887034113695
0.2650831914897049
0.2633212641007775
0.2636665036907111
0.26489488580765175
0.2653200226439079
0.2651513816076291
0.26614159121344044
0.2650781931215143
0.2647167874221977
0.26448470231129095
0.2650739737614421
0.2643788611263354
0.2639082705928743
0.2645062984975683
0.2647239557248611
0.26367754065101934
0.26469284034035995
0.2661122711803141
0.2650124244054405
0.2637602636981248
0.26399876857202464
0.26501319878637947
0.2642959855885892
0.26420168227768726
0.2644390543706903
0.2655434700714629
0.26475719714635537
0.2638193710679227
0.26392201048025826
0.26441241847075875
0.263947728409275
0.2640475528148868
0.26455723111031704
0.26502661600605754
0.263884616487417
0.2642527917246789
0.2650453971684055
0.26431682179560445
0.2647907288408972
0.26490989715265845
0.26415654522592685
0.2643055476647421
0.26385628734491146
0.2644692641184246
0.2645597672857068
0.2644669517522108
0.26474814887271314
0.26466903567642963
0.2648473033790842
0.26478510708655845
0.2650830412321543
0.26474041735660747
0.26398176556904185
0.26541303603488386
0.26500145503423345
0.26475499800429925
0.2652598424391328
0.2657193081650709
0.2639373871661649
0.2636333144227594
0.26355001391439375
0.2649470340161216
0.26419508775299533
0.2642475936688254
0.26433714084124704
0.26545828928418197
0.2651874373439449
0.26489680281128636
0.2635838971869752
0.264547686417873
0.26519796154135844
0.2647289559298391
0.2646304968739319
0.2644394374097769
0.2648472885245057
0.26409077091349037
0.26491210104100216
0.2646193834061096
0.2642116429648935
0.2647502772979884
0.2644557472282914
0.26521990629331305
0.26330776097966896
0.2655808297017679
0.2641335577039621
0.2635437958286781
0.26486389473419214
0.26473786133222027
0.26412724821124817
0.26413382532576846
0.26408865108193613
0.26406687961909436
0.2657104727764535
0.2650390861615753
0.2644071431843418
0.26601685940365205
0.26476283300785897
0.264892110172362
0.26475886651912867
0.26343090122529533
0.26464609942577666
0.26424749514244544
0.26510441433019205
0.26538702661725255
0.26549038502071404
0.26442948635597485
0.2651730584653064
0.26495429828587774
0.2638057648103304
0.26438990743462265
0.2656560243286162
0.2655640807294275
0.26412993488569947
0.26507050917576874
0.264815415156373
0.26476766404062224
0.26554188642873733
0.26479407083097195
0.264352848283493
0.2646232130195772
0.26403683569216185
0.2661453396307683
0.26410478397209475
0.2651666450077083
0.26422783695865304
0.26539173452698195
0.2644950328454305
0.26492398495941566
0.26525625153518834
0.26470418701117454
0.26511055088975904
0.26490132470006544
0.2647070959222343
0.26459396171385646
0.2641789796542676
0.2648093645066748
0.26607302368588653
0.26400212347862406
0.2643952385928056
0.26420774124954827
0.2640790541650106
0.26542495516309145
0.2649400314170613
0.26415530495385775
0.2650652158283126
0.26507148199270764
0.26413958138328975
0.26511041804130747
0.2658547590173244
0.2641790277463396
0.2647944963433682
0.26477026574390733
0.2639578986840158
0.26344769474907614
0.26464280019645187
0.2641713611973467
0.26493227412978265
0.2651025496693262
0.26550486281198227
0.2642692727385115
0.2643712017966312
0.2644907167835991
0.2640966952939961
0.26396082082173034
0.26493836074445676
0.2651155787262786
0.2654464464588325
0.2640610655224959
0.26381506832081697
0.26494705426502074
0.26503434049427665
0.26525334182567617
0.26433080149469956
0.2642943540736553
0.2649251557171888
0.2636239873981587
0.26426842954246044
0.26404756696716825
0.26499225066981513
0.2654563698505628
0.26284031238775135
0.2645037810535785
0.26528464422508036
0.26521142911141327
0.2642067153805111
0.2642870485688082
0.26505785738717874
0.26463740721081663
0.263790375507205
0.26390189372568984
0.2654856322971871
0.2642953266110554
0.2648521700339101
0.2649741103201678
0.2652250640863481
0.26391574701328524
0.263974146463252
0.26416234977174224
0.264500609539195
0.26443873104472937
0.26538084438815773
0.2645113799150641
0.26484422800323126
0.26471795155517197
0.26372282584960915
0.2655605771435258
0.26479037300075764
0.2644472555051789
0.2646867793024813
0.2647765452482312
0.2649370095314437
0.26557960289893745
0.2652840925777463
0.2644085760747925
0.26600040170197936
0.2648397877013253
0.2644720665911263
0.26534538597700236
0.2645298585593736
0.2646623229549625
0.2647939283825062
0.2638910118840975
0.2645127141246267
0.2641582710438754
0.2646520266878573
0.26432385248505863
0.2648816155009741
0.2650934428158927
0.2648515484289246
0.26362822813482195
0.2641552066329911
0.26427272011655034
0.2643475032718505
0.2659795172025965
0.26467256452922017
0.2652300711064865
0.26499664090583314
0.2650564303696491
0.2655532520593854
0.2654957400234762
0.2652657123056738
0.2645349836046845
0.2646655073267906
0.26475357332933813
0.2652004779457417
0.26445476462991485
0.2644435898391084
0.263707848658365
0.2650459361153071
0.2646514607078986
0.2642027797186714
0.2642845951798893
0.26433568839732613
0.2646798189186701
0.2650014714824358
0.2642635273241941
0.2647239096966448
0.26399676863041377
0.2643633366175808
0.266152369109682
0.2639631263418746
0.26352923101036313
0.2646247661878672
0.2648629391168419
0.26497734548983687
0.26555098996247056
0.2648077933417682
0.26414179066264637
0.26632752239276025
0.2642555241857426
0.2642269086026665
0.26412968514935004
