0.25048250000000005
0.2505817387256375
0.24935968857578636
0.24888073125182
0.24603851114537567
0.23919148419132927
0.22775447904072219
0.21217463518624943
0.19252427993919918
0.16909594984632342
0.14796230768193339
0.1278228097269735
0.1105973010434637
0.09971206014586509
0.09073000314405495
0.0849033607548439
0.08023704823324199
0.07582498948136751
0.07359043648676523
0.0704354167394692
0.06899492104449315
0.06610720306169765
0.06503302435036287
0.06243266610322074
0.062238831291988594
0.06044421618791107
0.059297115410651614
0.05761532062594471
0.058170656802299894
0.054925348091486616
0.054677730094335034
0.053388941231064725
0.05193652285726372
0.049965183764205376
0.049728016942445386
0.048693919477812965
0.04904595470959192
0.04683287634441949
0.04684051197807744
0.04523045404607823
0.04480523882768769
0.043616984137778265
0.043381615062427936
0.04122846617283421
0.04085262491038888
0.04115979936773142
0.03987311305285761
0.03908300402585749
0.038612877750720774
0.03727024595722504
0.03815004224137643
0.036758366574118864
0.023167314389889462
0.021735616728668337
0.021335572155736303
0.01929258622542286
0.020403845743172132
0.02005798363449094
0.01996739645175016
0.01976339687247655
0.020189359737757092
0.020057129524321725
0.020406260877674106
0.01960969628984273
0.019240104520686297
0.02001027868888608
0.019502502923664854
0.020013111702399337
0.019507057232196735
0.019242590047799407
0.019398709430698702
0.018990820437059214
0.019097533842381963
0.019566137277805987
0.019525410572952203
0.01933429743986695
0.019010034516439667
0.019771201401925193
0.01942219858307953
0.019939192989978375
0.018794592289401505
0.02045303670632169
0.019550533116163223
0.01884704683214302
0.01901714321694224
0.01909651813143715
0.01948096698482779
0.01927011601634226
0.02006060456636976
0.018760022410317826
0.019438435295649984
0.019209646487209284
0.019406002824926508
0.01943273369903835
0.019216799879954286
0.01924392377436359
0.019665211187107397
0.018839100294066113
0.019118755354806897
0.018972019660466723
0.019116905962565267
0.019266440097451223
0.01955903374725298
0.019200186026764002
0.01956339955460652
0.019006751183461477
0.019837692417709003
0.019130216002977575
0.018730670387259805
0.01901947190285552
0.019455768196534624
0.019477749349519794
0.019314963416133292
0.01885224648465272
0.01929207185935435
0.01840241214592771
0.018891725893974344
0.018983860186176295
0.018914983835420347
0.018950331788439335
0.018701492330534898
0.018350343730627654
0.018993586399859222
0.01932594103524816
0.019549035698319082
0.019086940894150445
0.018662699536830564
0.01912570130892827
0.01864843762944225
0.018878462759742122
0.01848262915633278
0.01859509641977422
0.01907922973358011
0.018320068046312442
0.019118960460058967
0.019119725051110405
0.01917691713850432
0.019145930371982436
0.018906427494990177
0.019203653322882715
0.018024787050004917
0.01885555578620254
0.01867737354619589
0.0193954601992305
0.018727172068977647
0.01952265027347547
0.01850214866971065
0.01824683233722576
0.018110462831548588
0.01905048558987673
0.01852759677129153
0.018866454056702227
0.01868157162376185
0.01823423206453446
0.018660137373763996
0.019155661726141363
0.019140541272341972
0.01849992738442063
0.018439483849748015
0.01904100338405949
0.018812141190880403
0.0189689694045006
0.018666447527357494
0.018894972868251637
0.018901377284875273
0.019172210831650473
0.018369975422951525
0.019024901806341445
0.01913825074906444
0.018652858441848608
0.018830808110203642
0.018473091275973578
0.018130357757084378
0.018578946036295358
0.018439302052583928
0.018888650351972916
0.019175368640694482
0.01911341924809832
0.018801286671015823
0.018446360981066095
0.01889225583066245
0.019344296337962075
0.018160412980372135
0.018837827315454574
0.01825968688889222
0.018500176448181645
0.019015789200248025
0.019212244980738993
0.01896496662766556
0.018683935953219634
0.019120307356490125
0.018374693426088863
0.01845243711473469
0.01911831595132633
0.018385839598860296
0.018592323523704414
0.018618277502387745
0.018415873671260404
0.018762722880931674
0.018879819966580037
0.01939525781898103
0.01811985857381365
0.0176242119812767
0.01911998577256009
0.01870263807580281
0.0182632544571697
0.018850335962857255
0.018848533205508305
0.018699081960258872
0.018887198133820785
0.017946503280473425
0.018712765266204367
0.01830461600511982
0.01866284294903025
0.018677174490835512
0.018395247320212412
0.0184728442558882
0.01851547463667619
0.018444485790680188
0.019226080775850328
0.018799422729799432
0.018585162979098405
0.017922093500541858
0.01783565078411256
0.018274393372257933
0.01816801193302128
0.017710617009476074
0.018655405107074398
0.018509259025439415
0.01848196269364298
0.01851916006515328
0.018417020630015463
0.01818992222596671
0.01904286939974732
0.018361934958088303
0.019231909899638643
0.01826352739766189
0.01853441924717537
0.018800075642626552
0.018595073221358803
0.01884971811125744
0.018789551546049655
0.01824440272786731
0.01856798788912109
0.018871352003884807
0.018789310588219258
0.018772652886892033
0.01811447537672725
0.018066468885521457
0.01864458074355553
0.018149329286524362
0.018265280195025192
0.0187091328596022
0.017867798096407327
0.018369768275663317
0.01803146068002925
0.01866149276633227
0.018274051778516428
0.018542347852633364
0.01858888590831838
0.018169090852926284
0.01842785746735505
0.017036064969568915
0.01864799952710514
0.01859825757439426
0.017744120797194708
0.018226590339399138
0.01858574170530616
0.0182224562295795
0.01831789516928533
0.01831422011307457
0.01885301494816935
0.018329814169864372
0.018779682133430686
0.01902594450298206
0.018497366731972952
0.018474821632392592
0.018438054834657668
0.01904009648445114
0.019089396275267345
0.018515053294586695
0.018608424750321664
0.018346184208923158
0.018476362796328014
0.01846966403931649
0.018652204272039893
0.018346126558456834
0.01783842730974059
0.018642084559206303
0.018753758278837386
0.018487021269184813
0.01898594932834182
0.018477638746412606
0.018146529442230993
0.018195015766357653
0.018737521553654494
0.018338685419480406
0.01849057526626316
0.01817784258282894
0.01884624684085601
0.018125710107540577
0.017992738389980657
0.018520720465685488
0.018286456554596504
0.018709105847837307
0.01772607002996612
0.018930987898985018
0.01846634900280133
0.018049214406151617
0.018304945434092997
0.01854578181679933
0.018228666421048038
0.01855426910305811
0.01777201741345216
0.018776880637932675
0.018107279342673623
0.018454026882378474
0.018702433775324993
0.01858690348131793
0.018170163519178963
0.018359780770843798
0.018684831698951996
0.01875610839332387
0.01824188927558525
0.017989680112698102
0.018838957802724147
0.01778697680432055
0.018138389732973704
0.018573716397392543
0.017877546203038986
0.018301707329723402
0.018219321548137702
0.017305628453865723
0.017957095379072717
0.018837249217546398
0.01882569218540018
0.018037335568223553
0.01833717654791005
0.01884545836546199
0.01799700575797345
0.018176167189216115
0.018110880532500612
0.01812330551198696
0.019113477788075595
0.018968108477490763
0.01849875221598669
0.018630013966647797
0.01833013923706528
0.01878269217662986
0.018130009223989687
0.018891019298431774
0.018613886615008044
0.018592688179440986
0.0185325320244343
0.01869569233118669
0.017769175396293614
0.018599531092280866
0.017765694183363413
0.018136816097789023
0.018419293004839136
0.018200019433738324
0.018660103821742147
0.01868985639032625
0.0180987023113045
0.01803591550142816
0.01834208556908824
0.01854005340192707
0.018720845626778143
0.0188223457982553
0.0184620859707227
0.018514153309754092
0.018719141069555835
0.01805449732337212
0.019041898923800607
0.019276914193635388
0.01912152941550518
0.018508576250479077
0.0188507307116735
0.018486848421457494
0.01868818855732136
0.01740844747061121
0.01792506654973488
0.01826568258078132
0.0186914496685794
0.018309281672287566
0.018647722886363037
0.018212944692076464
0.017967391717860184
0.01834436170806206
0.018096402122105143
0.018041740233469578
0.018827718318880134
0.018994866301946568
0.018085890675301634
0.019021086873364963
0.018415314005215525
0.018292522915757805
0.017925671525664856
0.018975922061609064
0.0182135761872909
0.018145072447850824
0.017610069193032107
0.017867802743897265
0.01793587675867679
0.01840376777151465
0.018672956905503933
0.01794347194312115
0.01848598474386618
0.018847965219836914
0.018291222309692788
0.01813915322399624
0.017588939933231067
0.0184766135908628
0.018203045361906475
0.017993897965473307
0.01953413071127268
0.018439129921973878
0.018187517772242028
0.018182563936058396
0.018622426270601674
0.018014243001639618
0.018311329515446582
0.01772963967705199
0.018466583203088444
0.01825915013561099
0.018241623798306142
0.01891147351950714
0.017451389094537865
0.018908886661289547
0.018688842764409134
0.018381739826051804
0.018638296644304372
0.018741692324355706
0.018068448349759243
0.01816171674703139
0.018286490450723655
0.01842090838214986
0.017900405230747877
0.018714479092321188
0.01841066811124859
0.018460246325071906
0.018704056999175343
0.01903816824173733
0.017563434862099325
0.018199840933905947
0.018438987920420796
0.01845444922746179
0.018557805081479778
0.01832062270989505
0.018169786834837755
0.0179504961208649
0.018431681685110075
0.01851322684474398
0.018172079172737526
0.018190911394413943
0.01793343639558016
0.01859690666287212
0.018293148882815274
0.0184253595098508
0.018450971317492033
0.018054274582129853
0.017411161271375514
0.018002921416032144
0.018650593823195342
0.017744816311253207
0.018073416255409022
0.018428092175522437
0.018590565285646083
0.01859394845649623
0.018448896130566675
0.019320457200029454
0.018025757769471292
0.01769772742167617
0.018794458115344737
0.018521380669092927
0.018131294139636822
0.018727509415528726
0.018056472422634192
0.018138296926744655
0.01845410254407851
0.017800857609978734
0.018562229309578
0.01810202925112566
0.01882945459482959
0.01868329054278591
0.018689734782708908
0.01802307842677052
0.018553670201727192
0.0181897001357004
0.017833183517531034
0.018227931103628185
0.018334733268425628
0.018270113250186296
0.0181165727002887
0.01778115683034661
0.01799024292956078
0.01841985028159808
0.01831469349616532
0.01819370155693251
0.01800907280585143
0.017654985445118992
0.018247117662396006
0.01844195636152498
0.018020702643084304
0.018250999113948195
0.019039741409104208
0.018433426857876804
0.019016419223382743
0.01824702591169558
0.01815361257393474
0.017797157156957982
0.01857076647054646
0.01842383366535625
0.017982061032089745
0.01823687804309073
0.018202602839785156
0.017614198743407316
0.018237626702368295
0.018301564935670204
0.018345525094480737
0.01869079789119725
0.018449896185155662
0.018350599787031976
0.017899262911964652
0.017894986088935427
0.018138679174297043
0.018408184359288385
0.01820035900783053
0.0188073024254866
0.01845848515496254
0.01757674339390308
0.018897533002812855
0.018487130387974265
0.018419445139777325
0.01817287854504243
0.018446253540249383
0.0182207977305861
0.01782676684841358
0.01829964746820098
0.01849210512015288
0.018210778234961634
0.018283760031236204
0.017993664444021677
0.019195255841383034
0.018390422044210777
0.018354165631556365
0.018037089893340286
0.017783711084671684
0.017576196886460158
0.017866402337471686
0.017709175549662212
0.01880219479740077
0.017900198260143708
0.01752934421567586
0.017846054023888776
0.017806871701606358
0.017789375300145852
0.01843144547821005
0.018259781029451073
0.01853796928242126
0.01823447408428103
0.019321938489727603
0.01833190879894581
0.01814316835203643
0.018105981791353358
0.01837079175373663
0.01804755651024626
0.018203848025079062
0.018126675842611528
0.019059263146338698
0.018010931852368857
0.018362616284548817
0.018050954270496557
0.018102527499427246
0.018499482733826553
0.018273213411241454
0.018352553710692176
0.01873013958515072
0.018553108278566974
0.018432367654617546
0.01911441852273997
0.017911702955973538
0.018339456069514978
0.018677510026743293
0.018075612723644222
0.018598729372914714
0.018265961249990612
0.018422021692723167
0.018416024496145895
0.018373818235286193
0.018032070952369222
0.018360374281722745
0.018041670546184486
0.018593465597435528
0.018327194504934287
0.01827016287684418
0.017452508559762173
0.018547736736198896
0.017916029809809053
0.01825717943842034
0.017997713859285235
0.018498963168380945
0.018870084842210585
0.01829866340852292
0.01817323106038755
0.019013630361566357
0.018104555945346018
0.018643992672177645
0.018401464204916295
0.017645293692094707
0.018112639785546752
0.018393198228547035
0.018429725334720735
0.018060481282968943
0.01751812707320587
0.01782277351549406
0.018430157502511757
0.017995292994600804
0.01776014825516341
0.018077348035756197
0.017855978706123172
0.017628570903661343
0.018529663013166234
0.018359326588206985
0.018113955229017226
0.018303329972795216
0.01934455496129189
0.01895465134573927
0.01911934317995834
0.019151266093410863
0.017809869679884363
0.018206566281088375
0.018208799738107163
0.018688941277847235
0.017867815516395536
0.01754827049187403
0.018258199979059694
0.018092113359807156
0.017968318310257154
0.018775362619633345
0.018425974556480252
0.018799596477579318
0.018079784506944453
0.018812541495270813
0.01866149532632547
0.019035070223521397
0.018170724712685726
0.019042666886577134
0.018277873574611688
0.018384339670586877
0.01843028243320616
0.01851054159819996
0.017972519698397606
0.017982379558021157
0.01772514353484666
0.018257841963437084
0.018273149813381222
0.018109560935885137
0.01845171383982847
0.018592219217694363
0.01836568261671237
0.01844658181141519
0.01894073440722296
0.018662211528514404
0.017651202898600296
0.018243700711003716
0.01834850691357024
0.017800590664127966
0.018082962831744865
0.01819687447038086
0.018056131949793285
0.01746499531023997
0.018017476980517026
0.018521850868156844
0.017755715795127726
0.017885113345707207
0.01858841873804965
0.018054681116682937
0.017894116217685215
0.01810817183699765
0.018708579759686195
0.01869773574806972
0.017477431629726755
0.017529122975541326
0.018138466652036663
0.0183493390602433
0.018314186848841684
0.018080928779436515
0.01850353121374242
0.019116765176511334
0.018538465176291704
0.018017668467439806
0.01840997287516093
0.018158883907130944
0.017782868621219517
0.018300004206120424
0.0183057166947474
0.017564259042643762
0.017436802844257814
0.018234418048370747
0.018144178128966466
0.01840019642744373
0.018194227781738227
0.018275380707095775
0.01744453854549024
0.01761398410227726
0.01803771559988865
0.018420446803977798
0.018565107976599944
0.01808773371270429
0.018525511628958758
0.018707716442148522
0.01830924639693204
0.018317526451401507
0.018554074869649707
0.01830442880250858
0.01834922050114627
0.018576926692828285
0.018605251412560548
0.018102145826072648
0.018174440801519497
0.017676250956004308
0.018117854726040116
0.019149970817953003
0.018425618943790443
0.018064699270218428
0.017948422636868924
0.01853999048882034
0.018144973925881356
0.018547898340002433
0.018206792168613768
0.01854571665825847
0.018175838029469385
0.018780678191569863
0.01868607919640757
0.01789246560763915
0.017858453125141158
0.01883194636311686
0.018285149435694297
0.018983056125046797
0.018715891520324934
0.017879177970072987
0.019031368639137725
0.018993133907372135
0.018150182533321582
0.017920122484048163
0.018580024702732966
0.0179399658603308
0.018490957039659184
0.01883016678883971
0.018628547778939332
0.018168198755940213
0.01876461542220859
0.018384329488170845
0.018003438959771332
0.01857021414979514
0.0186086949347618
0.018784633677537882
0.018525809866208658
0.018284145358986918
0.017943482561122485
0.018207466885727434
0.01839849303168484
0.01926610991213209
0.018683420425133636
0.018627672397772025
0.018079901829913803
0.018138263013849278
0.01828359911211319
0.018311199694731627
0.0181491852370108
0.018472348390575762
0.01821871430329299
0.018556154517658307
0.018338483389922257
0.01887127943084537
0.018185610944865597
0.018125881414712983
0.01891196467437814
0.018769049531859226
0.018272668752794038
0.018152364953233743
0.0177789865835543
0.01769431507970566
0.018200907137440207
0.017644313779091744
0.01806429507145086
0.018793941273979015
0.018408865023615405
0.018156229207569177
0.018464424301374623
0.018754352610907833
0.018196244935712574
0.018207776915177488
0.018563842261631838
0.017839937620952893
0.0180340098983426
0.018135866191546435
0.018337196100763422
0.017801278127415027
0.01815720496976526
0.01870895608262318
0.018356909229844662
0.018322032938385083
0.018864862085617152
0.017876286879697584
0.018508762306323364
0.018865589990127392
0.018543013805192438
0.017915168803167857
0.018477650091228398
0.018215084950440084
0.01815578492641237
0.018099616386973882
0.01797181766694593
0.017889376116086042
0.018506156788643792
0.017766191817112306
0.017724813786608958
0.018643534003915063
0.01837976168474728
0.01824789483022209
0.018493067709703694
0.018495821763262494
0.018318285613809986
0.018800297300787326
0.01833966216461362
0.0176497308876739
0.018420139067473987
0.018344523420740035
0.018204441997409164
0.018720363348310367
0.017536131495332508
0.018574056573129404
0.01816307337092017
0.017851783582580424
0.018665838276194724
0.017978442899764597
0.017890151949095122
0.018367410290493883
0.018339092275850566
0.01820184360765477
0.018231401450660913
0.017759867455765375
0.01919668361074993
0.01875089641658395
0.017915005763400396
0.01722399359354075
0.017678155335122507
0.01846083749374553
0.01811937134785985
0.017555565326543204
0.018709536744501057
0.01847018027583805
0.01824327701949178
0.018293611084328306
0.017411349794111016
0.01824818522660083
0.018651806301447617
0.019087707018813953
0.018103419178991668
0.018262779001296706
0.017689722501396585
0.01857149502243363
0.017788433347232888
0.018440452121830073
0.018193480896247415
0.018788150326420155
0.01862242975924442
0.01818193449275065
0.018496370094306585
0.018029502910512227
0.01813162938274445
0.01852716691113711
0.01899642484806856
0.0185618960379218
0.01793536451268245
0.01803515262672747
0.018354639171852236
0.01845821548329318
0.018519129162149456
0.018177586092869416
0.017828824479163466
0.018514186268208138
0.019533505811541754
0.017896177304388992
0.01832930073895464
0.018432334633306693
0.01880243353873865
0.018496571841496813
0.018459905757965685
0.01893674706947517
0.01821494531066945
0.01840434162535536
0.018259451032650666
0.01823623937260186
0.018382746198957255
0.018046268693673886
0.018078696512298487
0.017977887693801174
0.017313695317699503
0.017869598895790376
0.017852522335289094
0.017922335026220385
0.01800211329961813
0.017541430425557704
0.01848978118756747
0.018231454432325454
0.01821831226514995
0.01795568651423323
0.018093447391509428
0.01837054541148466
0.018034154428788668
0.018075187062575392
0.01831825191149453
0.01803434267934225
0.018638448764819505
0.017675488905522837
0.018095207049339927
0.018188288638821735
0.017520280644358774
0.018465126076134944
0.01863255434857087
0.017983710598094792
0.017675942822630422
0.018396298692221372
0.0182549447542162
0.018111635454453497
0.017611869086650946
0.018043533099158918
0.018331967130824568
0.017598861736408164
0.018864592320618295
0.018485433258229322
0.017969419277687335
0.01808485192102865
0.018321295202802488
0.018573936881745107
0.01866369262284124
0.018323584732041206
0.01778264164281485
0.01841922672416911
0.018144113593495926
0.018046198844961062
0.01838989260091412
0.018229197774249913
0.01884230437996745
0.018290536994379783
0.017978470032678585
0.018206690554108614
0.01866226482585717
0.018424258127935883
0.018692874885978542
0.017929243844057915
0.01813081335102385
0.018215342964476845
0.018680035391424498
0.01840695734098427
0.018133963366213483
0.018090654618221753
0.01884672059780246
0.01775904319124535
0.01765500389140453
0.018279159536793394
0.01885993156064163
0.017643712848665966
0.018343950651099995
0.01882471307399905
0.018437398702114874
0.01790355792428928
0.018046341099725485
0.018671264140190106
0.018340742963829745
0.019107023286506025
0.01791836787550681
0.017534470368699314
0.018334992227116365
0.018423339017893402
0.018038654235612493
0.01873601911216552
0.017805028426793133
0.018221314565631686
0.018313818300365207
0.018406060440719907
0.01862581312970699
0.017991327236854062
0.018417551316710905
0.018324086756774046
0.01755840228568847
0.017531352349272656
0.01856197226457783
0.01831561795837363
0.017433945447376115
0.018057574420442635
0.01748618523006307
0.018266865103369143
0.018438001768438093
0.018101267926738746
0.017780758662261323
0.01775681352059245
0.017940318703046833
0.018331965923008172
0.0182857256360371
0.018374602343916607
0.018043099899909876
0.01871184721750392
0.018387015833600154
0.017799345099797855
0.018488596776579845
0.018556395590273514
0.01896545347958216
0.0178524391623656
0.018889331124596623
0.018261600148441616
0.018512848364885315
0.018101782759545118
0.017589233349312592
0.018065923008759987
0.01793930953598424
0.018091607483721683
0.018236573340996008
0.01782919624591967
0.0182593563163471
0.01792501848349156
0.018350324874530418
0.017903192654293916
0.018425926916148465
0.018585488787008334
0.019042221438802607
0.01829430309707261
0.018143196394457942
0.01777436197050592
0.017633060543493024
0.017863084952132596
0.017719724315260775
0.018174887827530704
0.018599484696177192
0.01788968989234627
0.01817940754745819
0.017931771826160733
0.018115557966222565
0.01827144675237984
0.018653354797129207
0.01813246436687425
0.01851258851760916
0.01821865049405232
0.018537137548859293
0.017978390407245647
0.0181337221824764
0.01793354385496701
0.018880757336190008
0.017850488451440737
0.01860500140445159
0.018113176130466792
0.01760491711372424
0.01843405021854813
0.01827260060553696
0.01803244861870139
0.017649365863316474
0.017976250129894136
0.018406209589225567
0.018024428412355183
0.018179665705656795
0.018148608283057994
0.01743744709592953
0.018576665933611115
0.018814491092075152
0.017896382836233415
0.01809596929193429
0.018152536914302794
0.01922139683033514
0.01759154537716765
0.018325086771657825
0.018372878103495832
0.01800982925108875
0.01845548571384474
0.018521391947954838
0.01803997021052611
0.01852842228159141
0.018012879847271557
0.01852350560788675
0.018037982132124975
0.019023019343288677
0.018500458513399525
0.01822505973933536
0.01825408850053123
0.018186204205311453
0.01812111214296436
0.018488452837505033
0.0186150017763027
0.018854918111684577
0.018576732505823108
0.018835895661045713
0.018963326945538726
0.018020220068592507
0.01833131809694926
0.019155389752666025
0.017824378280453686
0.018512743435065617
0.01786448114217654
0.018802263011183845
0.01838209326913688
0.018673659028222503
0.01824220488077474
0.01853040554588913
0.018526691644886784
0.017543933205218964
0.01846547643954195
0.01869771349017195
0.01790748770807185
0.01855822684421921
0.01790498474688765
0.01849494314113507
0.0183193862414964
0.018229063735260835
0.017955244806267468
0.01787468510447851
0.01854681674382654
0.01857327683588065
0.018210361094685743
0.017474912762627807
0.018199207102560705
0.018356635667363383
0.01818028352932962
0.017857126140353275
0.018667487017676468
0.018221547639140245
0.018803011558030516
0.018222015004956363
0.018160484137621474
0.01836366017368317
0.018731848046588066
0.018289331411018094
0.017843429397102845
0.01773234591854798
0.018179929822219526
0.01828231732083117
0.01860159822523529
0.018605282318222154
0.01794026365771834
0.017779246652682698
0.018075306635675564
0.018638249227248653
0.018235999242811975
0.01897688425522708
0.018279094235406558
0.0182231251534222
0.01810033159794482
0.017935296558150987
0.01824964549222143
0.018335354090774067
0.018265535010376612
0.01825684049939491
0.017746484287783037
0.017573509493069257
0.01855277274908981
0.018347652151607666
0.01821178216010986
0.018634969593519846
0.01870130687679193
0.018611314832270943
0.01784089776799051
0.01776377426446167
0.018293860594027676
0.01769770049547509
0.0181332391294009
0.018708267006571695
0.01899036779881529
0.01815710154272708
0.017937926256272396
0.01812728313387503
0.018545053295784982
0.018156244463105254
0.01794367909004664
0.018537592324413016
0.018573741176526718
0.017696421423678176
0.018608882812694703
0.018314893686679146
0.018077918123788384
0.01814736784827157
0.01794288326182289
0.018581277893835825
0.017919838334784298
0.018774195069008195
0.01902910334603502
0.01827329326210361
0.018379325583060574
0.018306455059452262
0.018043601779312263
0.019063732595631967
0.018036644078607462
0.018967750720463056
0.018011069994453285
0.01844095421146297
0.01839613201764824
0.017867219584075833
0.01839194761194841
0.018862772350599025
0.018168891161973576
