19976.2
17529.36
15026.91
12533.6
10214.62
8181.45
6503.62
5189.98
4218.56
3536.88
3065.21
2747.61
2531.46
2373.71
2253.7
2154.51
2067.77
1997.34
1928.98
1863.32
1797.95
1749.05
1694.26
1641.89
1592.7
1545.89
1501.56
1461.08
1414.25
1374.67
1333.28
1294.77
1257.91
1225.01
1188.47
1157.12
1125.96
1094.97
1059.72
1033.28
1005.96
980.69
952.2
929.33
905.17
880.74
859.48
836.24
815.42
795.13
774.03
758.76
771.06
768.85
768.35
768.76
767.9
767.9
767.87
768.76
768.57
768.49
768.44
768.72
769.02
768.38
768.6
768.26
769.42
768.99
769.41
769.94
770.01
769.07
768.96
769.03
769.39
769.17
769.56
769.3
770.44
769.3
769.56
769.55
769.79
770.04
769.83
769.23
769.37
769.71
769.58
770.09
769.39
769.88
769.91
770.3
770.02
770.74
770.09
770.75
770.46
770.18
769.96
770.35
770.65
771.22
769.69
770.31
770.97
770.29
770.26
770.42
769.99
771.09
770.28
771.13
770.7
770.73
770.74
770.79
771.1
770.94
770.44
770.6
770.1
770.78
771.45
770.87
770.94
770.86
771.08
771.29
770.56
772.12
770.72
770.85
770.5
770.78
770.93
770.74
771.32
770.85
771.19
770.64
771.05
770.67
771.7
771.71
771.94
771.03
771.77
771.43
771.37
771.81
771.52
770.68
770.94
771.5
771.6
771.16
771.91
771.2
771.89
771.09
771.52
770.78
771.59
770.82
770.84
771.59
771.5
771.57
771.7
771.66
771.75
771.36
771.29
771.74
771.94
771.57
771.08
770.81
772.15
771.56
771.53
771.61
771.74
771.24
771.46
771.62
771.35
771.87
772.17
771.23
771.5
771.21
771.94
772.36
771.6
771.28
771.2
772.31
772.66
771.24
771.76
771.86
771.4
772.03
771.74
771.66
772.21
771.52
772.15
771.93
771.62
772.18
772.14
772.02
771.68
771.59
771.68
771.93
772.55
772.65
772.64
772.03
772.76
772.0
771.15
771.7
771.9
771.67
772.07
771.38
772.45
771.27
771.93
771.82
771.22
772.27
771.33
772.05
772.35
772.39
772.15
771.8
771.98
772.1
772.9
771.85
771.98
772.04
771.67
772.36
771.82
772.37
772.14
772.08
772.3
772.34
772.22
772.33
773.37
771.97
771.84
772.65
772.15
772.1
772.01
772.18
772.36
771.64
772.37
772.14
771.98
772.18
771.88
772.36
771.42
771.41
771.59
771.53
772.04
772.03
772.23
772.12
772.38
772.39
772.77
772.07
772.22
771.67
772.42
772.97
772.4
772.06
772.41
772.2
772.51
771.66
772.92
773.0
772.14
772.46
771.8
773.14
771.77
772.24
772.65
772.62
772.32
772.31
772.27
772.9
771.98
772.53
771.71
772.61
772.07
772.37
771.82
771.94
772.27
772.33
772.19
771.84
772.92
772.6
772.35
772.65
772.26
772.12
773.22
772.93
772.12
771.7
772.91
772.13
772.01
772.62
772.29
772.58
772.75
771.62
772.12
771.93
772.47
772.35
771.91
772.49
772.03
772.03
772.48
772.38
772.37
772.61
772.16
773.04
772.45
772.32
772.24
772.66
772.34
772.88
772.98
772.44
772.54
772.06
772.15
772.31
772.2
771.91
772.86
771.12
771.32
771.77
772.13
771.89
771.95
771.95
772.8
772.95
772.19
772.26
772.42
772.3
772.4
772.48
772.47
772.75
773.12
772.35
771.64
772.7
771.77
772.29
772.48
773.09
772.22
772.74
772.12
772.96
772.42
772.9
772.39
772.03
772.55
771.99
771.76
772.3
772.65
773.57
772.49
771.95
772.61
771.08
772.52
772.87
772.73
772.16
772.37
772.37
773.03
771.9
772.62
772.64
772.15
773.07
772.32
772.36
772.44
771.96
772.17
773.01
772.49
772.84
772.38
772.89
771.9
772.63
772.57
772.04
772.12
773.25
772.82
772.16
772.76
772.35
772.5
772.66
772.74
772.44
772.87
772.88
772.93
773.0
772.27
772.45
772.32
772.62
772.48
773.41
772.94
771.9
773.32
772.75
772.63
772.29
772.09
772.87
771.94
772.63
772.67
772.01
771.87
772.26
772.59
772.33
772.4
771.93
773.06
772.74
772.76
772.03
772.66
772.3
772.56
771.42
772.46
772.91
773.03
772.28
772.55
772.65
772.93
772.66
772.35
772.61
772.48
773.21
773.1
772.55
772.08
773.16
772.99
772.09
772.37
771.92
772.78
772.55
772.7
772.5
772.03
773.34
772.2
772.85
773.17
772.64
772.61
772.64
772.37
772.74
772.54
772.67
773.03
772.98
772.92
772.68
772.1
772.63
773.58
771.82
772.24
772.84
772.5
772.83
772.22
773.38
772.91
772.01
772.52
772.5
773.28
771.61
772.54
772.15
772.68
772.89
773.13
772.68
773.32
772.33
772.88
773.12
772.91
772.7
773.69
772.79
772.66
772.22
773.08
771.01
772.72
772.69
773.02
772.69
772.9
772.95
772.65
771.68
772.68
772.67
772.1
772.22
772.81
772.44
772.77
772.2
772.31
772.46
771.87
772.61
772.43
772.43
772.54
772.49
772.74
772.21
772.83
772.33
772.67
772.53
772.48
772.51
772.66
772.06
773.37
772.3
772.93
772.99
772.28
772.3
772.59
772.23
773.5
771.95
772.55
772.53
772.57
773.54
773.02
772.66
772.41
772.73
773.53
773.18
772.72
772.74
773.03
772.48
773.26
772.98
772.13
772.79
772.67
772.81
771.38
772.32
771.48
772.03
773.04
772.54
772.77
772.4
772.69
773.47
772.44
772.59
772.7
772.76
772.53
772.25
772.84
772.09
772.4
772.1
773.02
772.63
773.08
772.39
772.92
772.57
773.28
772.65
772.69
772.59
772.8
772.71
772.66
772.51
772.47
772.99
772.1
771.98
773.1
772.49
773.0
773.38
772.55
772.73
772.52
773.36
772.93
772.71
773.25
772.28
772.07
772.86
772.9
772.69
771.88
771.89
773.38
773.4
772.81
772.58
772.85
772.92
772.83
772.1
772.16
772.91
772.89
773.08
773.79
772.53
772.68
773.21
773.11
772.91
773.21
772.51
772.36
772.64
773.42
773.99
773.17
772.63
772.66
772.47
772.4
772.5
772.41
772.55
771.95
772.78
772.75
772.56
772.47
772.92
772.81
773.43
772.8
772.07
772.47
772.9
772.86
772.44
772.71
772.33
772.96
772.85
772.27
771.89
772.65
772.61
773.12
772.37
772.45
771.79
772.05
773.26
771.94
771.89
772.99
772.82
772.27
772.93
772.88
771.84
772.16
772.2
772.32
772.61
772.54
772.53
771.83
772.14
773.01
772.52
772.98
773.01
772.59
772.0
772.4
772.07
772.77
772.83
772.65
772.92
772.77
772.28
772.55
771.98
773.05
771.47
773.09
773.0
771.74
772.4
772.49
772.71
772.9
773.46
772.64
773.55
772.76
771.89
772.65
772.5
772.55
772.27
772.73
772.33
772.54
773.05
773.51
772.91
772.68
773.47
772.66
772.08
772.69
772.06
772.25
773.01
772.49
772.17
772.19
773.0
772.44
773.18
772.64
772.23
772.72
772.76
772.42
772.42
772.64
772.46
772.77
773.07
772.63
772.54
772.68
772.78
772.33
773.22
772.09
772.27
772.8
771.93
773.08
771.98
772.88
772.73
772.28
773.42
773.23
772.61
772.82
773.05
773.06
773.4
771.64
772.34
772.59
773.2
773.14
772.8
772.4
773.12
772.17
772.45
772.24
772.62
773.64
772.32
771.86
771.86
773.06
772.63
773.67
772.71
773.61
772.6
772.82
772.02
772.58
772.99
772.3
773.06
772.62
772.51
772.01
772.03
772.64
772.71
772.89
772.09
772.4
772.48
772.92
772.59
771.35
772.77
772.45
772.6
772.26
772.42
772.57
772.39
772.93
772.63
772.85
772.23
772.49
772.91
773.21
772.57
773.64
773.08
772.68
772.98
773.07
773.35
772.55
772.4
773.13
773.17
772.82
772.62
772.72
772.85
772.82
772.81
772.75
773.2
772.87
772.9
773.12
772.55
772.34
772.87
772.78
772.87
772.58
772.66
773.07
773.41
773.08
773.12
771.84
772.24
772.26
772.6
772.54
772.5
772.07
772.71
773.41
772.64
772.73
773.43
772.57
772.09
772.0
773.14
773.21
772.57
772.48
772.78
772.36
772.5
772.75
773.22
772.59
772.69
773.13
773.03
772.16
773.04
773.57
772.89
771.92
773.32
772.47
772.06
772.63
773.17
773.18
772.41
772.65
771.97
772.89
773.4
772.54
772.46
772.63
772.13
773.3
772.27
772.46
772.43
772.11
772.37
772.78
773.03
773.81
773.2
772.55
772.81
773.53
772.45
772.98
772.44
772.93
772.85
772.84
773.04
772.99
772.76
772.56
772.82
772.75
772.3
772.72
773.13
772.57
772.09
772.65
772.65
772.45
773.09
772.24
772.72
773.5
773.15
773.25
773.06
772.21
772.89
772.75
772.34
772.48
772.89
772.47
772.85
771.96
772.81
772.6
772.84
772.82
773.19
772.9
772.52
772.61
773.16
772.36
772.62
773.09
772.53
772.29
772.72
772.05
772.67
772.67
772.92
773.16
772.23
772.42
772.8
772.48
772.5
773.38
772.42
772.4
772.9
772.98
772.75
772.48
772.94
772.98
772.78
772.9
772.68
772.28
773.15
773.16
772.44
771.63
773.4
772.47
772.41
773.1
772.33
771.96
773.08
772.43
772.74
772.87
773.37
771.96
772.7
772.62
772.4
772.28
772.96
772.62
772.49
772.3
772.73
772.05
771.85
772.53
772.92
772.16
772.94
772.24
772.73
772.27
772.76
772.11
773.07
772.5
772.66
773.1
772.14
773.16
773.07
772.11
772.74
772.72
772.77
772.5
772.92
773.32
772.71
772.07
772.94
773.29
772.55
772.34
773.15
773.4
772.48
772.84
772.31
772.35
772.84
772.46
772.29
773.11
772.63
773.05
772.85
772.57
772.25
772.3
772.53
772.73
772.97
771.67
772.59
772.12
772.53
772.84
772.82
772.9
772.94
772.69
772.88
772.73
773.26
773.24
772.2
772.55
773.16
772.53
772.35
772.48
772.48
773.15
772.46
772.99
772.62
771.79
771.62
772.46
773.06
772.85
772.38
772.62
773.0
772.5
772.8
773.15
772.41
772.81
773.05
772.98
772.99
772.21
773.13
772.19
772.39
772.82
771.98
773.06
773.4
771.92
772.8
771.92
772.54
772.38
772.83
772.3
772.7
772.28
772.9
