40000.0
35104.5
30011.96
25025.0
20248.7
15984.38
12386.88
9551.6
7460.54
5964.8
4954.64
4275.8
3818.82
3507.02
3274.46
3091.64
2940.44
2812.86
2704.54
2593.9
2493.4
2407.34
2321.92
2244.4
2168.84
2093.58
2028.62
1963.76
1899.74
1832.66
1774.18
1715.12
1661.62
1608.82
1558.48
1512.78
1467.62
1423.02
1376.0
1333.5
1295.3
1256.2
1218.06
1183.12
1149.02
1117.74
1086.94
1054.24
1024.02
997.34
971.96
945.62
920.96
915.2
913.0
911.18
910.64
910.36
910.12
910.04
910.0
910.0
910.0
909.96
909.86
909.86
909.82
909.82
909.82
909.82
909.82
909.82
909.82
909.82
909.82
909.82
909.82
909.82
909.82
909.82
909.82
909.82
909.82
909.82
909.82
909.82
909.82
909.82
909.82
909.82
909.82
909.82
909.82
909.82
909.82
909.82
909.82
909.82
909.82
909.82
909.82
909.82
909.82
909.82
909.82
909.82
909.82
909.82
909.82
909.82
909.82
909.82
909.82
909.82
909.82
909.82
909.82
909.82
909.82
909.82
909.82
909.82
909.82
909.82
909.82
909.82
909.82
909.82
909.82
909.82
909.82
909.82
909.82
909.82
909.82
909.82
909.82
909.82
909.82
909.82
909.82
909.82
909.82
909.82
909.82
909.82
909.82
909.82
909.82
909.82
909.82
909.82
909.82
909.82
909.82
909.82
909.82
909.82
909.82
909.82
909.82
909.82
909.82
909.82
909.82
909.82
909.82
909.82
909.82
909.82
909.82
909.82
909.82
909.82
909.82
909.82
909.82
909.82
909.82
909.82
909.82
909.82
909.82
909.82
909.82
909.82
909.82
909.82
909.82
909.82
909.82
909.82
909.82
909.82
909.82
909.82
909.82
909.82
909.82
909.82
909.82
909.82
909.82
909.82
909.82
909.82
909.82
909.82
909.82
909.82
909.82
909.82
909.82
909.82
909.82
909.82
909.82
909.82
909.82
909.82
909.82
909.82
909.82
909.82
909.82
909.82
909.82
909.82
909.82
909.82
909.82
909.82
909.82
909.82
909.82
909.82
909.82
909.82
909.82
909.82
909.82
909.82
909.82
909.82
909.82
909.82
909.82
909.82
909.82
909.82
909.82
909.82
909.82
909.82
909.82
909.82
909.82
909.82
909.82
909.82
909.82
909.82
909.82
909.82
909.82
909.82
909.82
909.82
909.82
909.82
909.82
909.82
909.82
909.82
909.82
909.82
909.82
909.82
909.82
909.82
909.82
909.82
909.82
909.82
909.82
909.82
909.82
909.82
909.82
909.82
909.82
909.82
909.82
909.82
909.82
909.82
909.82
909.82
909.82
909.82
909.82
909.82
909.82
909.82
909.82
909.82
909.82
909.82
909.82
909.82
909.82
909.82
909.82
909.82
909.82
909.82
909.82
909.82
909.82
909.82
909.82
909.82
909.82
909.82
909.82
909.82
909.82
909.82
909.82
909.82
909.82
909.82
909.82
909.82
909.82
909.82
909.82
909.82
909.82
909.82
909.82
909.82
909.82
909.82
909.82
909.82
909.82
909.82
909.82
909.82
909.82
909.82
909.82
909.82
909.82
909.82
909.82
909.82
909.82
909.82
909.82
909.82
909.82
909.82
909.82
909.82
909.82
909.82
909.82
909.82
909.82
909.82
909.82
909.82
909.82
909.82
909.82
909.82
909.82
909.82
909.82
909.82
909.82
909.82
909.82
909.82
909.82
909.82
909.82
909.82
909.82
909.82
909.82
909.82
909.82
909.82
909.82
909.82
909.82
909.82
909.82
909.82
909.82
909.82
909.82
909.82
909.82
909.82
909.82
909.82
909.82
909.82
909.82
909.82
909.82
909.82
909.82
909.82
909.82
909.82
909.82
909.82
909.82
909.82
909.82
909.82
909.82
909.82
909.82
909.82
909.82
909.82
909.82
909.82
909.82
909.82
909.82
909.82
909.82
909.82
909.82
909.82
909.82
909.82
909.82
909.82
909.82
909.82
909.82
909.82
909.82
909.82
909.82
909.82
909.82
909.82
909.82
909.82
909.82
909.82
909.82
909.82
909.82
909.82
909.82
909.82
909.82
909.82
909.82
909.82
909.82
909.82
909.82
909.82
909.82
909.82
909.82
909.82
909.82
909.82
909.82
909.82
909.82
909.82
909.82
909.82
909.82
909.82
909.82
909.82
909.82
909.82
909.82
909.82
909.82
909.82
909.82
909.82
909.82
909.82
909.82
909.82
909.82
909.82
909.82
909.82
909.82
909.82
909.82
909.82
909.82
909.82
909.82
909.82
909.82
909.82
909.82
909.82
909.82
909.82
909.82
909.82
909.82
909.82
909.82
909.82
909.82
909.82
909.82
909.82
909.82
909.82
909.82
909.82
909.82
909.82
909.82
909.82
909.82
909.82
909.82
909.82
909.82
909.82
909.82
909.82
909.82
909.82
909.82
909.82
909.82
909.82
909.82
909.82
909.82
909.82
909.82
909.82
909.82
909.82
909.82
909.82
909.82
909.82
909.82
909.82
909.82
909.82
909.82
909.82
909.82
909.82
909.82
909.82
909.82
909.82
909.82
909.82
909.82
909.82
909.82
909.82
909.82
909.82
909.82
909.82
909.82
909.82
909.82
909.82
909.82
909.82
909.82
909.82
909.82
909.82
909.82
909.82
909.82
909.82
909.82
909.82
909.82
909.82
909.82
909.82
909.82
909.82
909.82
909.82
909.82
909.82
909.82
909.82
909.82
909.82
909.82
909.82
909.82
909.82
909.82
909.82
909.82
909.82
909.82
909.82
909.82
909.82
909.82
909.82
909.82
909.82
909.82
909.82
909.82
909.82
909.82
909.82
909.82
909.82
909.82
909.82
909.82
909.82
909.82
909.82
909.82
909.82
909.82
909.82
909.82
909.82
909.82
909.82
909.82
909.82
909.82
909.82
909.82
909.82
909.82
909.82
909.82
909.82
909.82
909.82
909.82
909.82
909.82
909.82
909.82
909.82
909.82
909.82
909.82
909.82
909.82
909.82
909.82
909.82
909.82
909.82
909.82
909.82
909.82
909.82
909.82
909.82
909.82
909.82
909.82
909.82
909.82
909.82
909.82
909.82
909.82
909.82
909.82
909.82
909.82
909.82
909.82
909.82
909.82
909.82
909.82
909.82
909.82
909.82
909.82
909.82
909.82
909.82
909.82
909.82
909.82
909.82
909.82
909.82
909.82
909.82
909.82
909.82
909.82
909.82
909.82
909.82
909.82
909.82
909.82
909.82
909.82
909.82
909.82
909.82
909.82
909.82
909.82
909.82
909.82
909.82
909.82
909.82
909.82
909.82
909.82
909.82
909.82
909.82
909.82
909.82
909.82
909.82
909.82
909.82
909.82
909.82
909.82
909.82
909.82
909.82
909.82
909.82
909.82
909.82
909.82
909.82
909.82
909.82
909.82
909.82
909.82
909.82
909.82
909.82
909.82
909.82
909.82
909.82
909.82
909.82
909.82
909.82
909.82
909.82
909.82
909.82
909.82
909.82
909.82
909.82
909.82
909.82
909.82
909.82
909.82
909.82
909.82
909.82
909.82
909.82
909.82
909.82
909.82
909.82
909.82
909.82
909.82
909.82
909.82
909.82
909.82
909.82
909.82
909.82
909.82
909.82
909.82
909.82
909.82
909.82
909.82
909.82
909.82
909.82
909.82
909.82
909.82
909.82
909.82
909.82
909.82
909.82
909.82
909.82
909.82
909.82
909.82
909.82
909.82
909.82
909.82
909.82
909.82
909.82
909.82
909.82
909.82
909.82
909.82
909.82
909.82
909.82
909.82
909.82
909.82
909.82
909.82
909.82
909.82
909.82
909.82
909.82
909.82
909.82
909.82
909.82
909.82
909.82
909.82
909.82
909.82
909.82
909.82
909.82
909.82
909.82
909.82
909.82
909.82
909.82
909.82
909.82
909.82
909.82
909.82
909.82
909.82
909.82
909.82
909.82
909.82
909.82
909.82
909.82
909.82
909.82
909.82
909.82
909.82
909.82
909.82
909.82
909.82
909.82
909.82
909.82
909.82
909.82
909.82
909.82
909.82
909.82
909.82
909.82
909.82
909.82
909.82
909.82
909.82
909.82
909.82
909.82
909.82
909.82
909.82
909.82
909.82
909.82
909.82
909.82
909.82
909.82
909.82
909.82
909.82
909.82
909.82
909.82
909.82
909.82
909.82
909.82
909.82
909.82
909.82
909.82
909.82
909.82
909.82
909.82
909.82
909.82
909.82
909.82
909.82
909.82
909.82
909.82
909.82
909.82
909.82
909.82
909.82
909.82
909.82
909.82
909.82
909.82
909.82
909.82
909.82
909.82
909.82
909.82
909.82
909.82
909.82
909.82
909.82
909.82
909.82
909.82
909.82
909.82
909.82
909.82
909.82
909.82
909.82
909.82
909.82
909.82
909.82
909.82
909.82
909.82
909.82
909.82
909.82
909.82
909.82
909.82
909.82
909.82
909.82
909.82
909.82
909.82
909.82
909.82
909.82
909.82
909.82
909.82
909.82
909.82
909.82
909.82
909.82
909.82
909.82
909.82
909.82
909.82
909.82
909.82
909.82
909.82
909.82
909.82
909.82
909.82
909.82
909.82
909.82
909.82
909.82
909.82
909.82
909.82
909.82
909.82
909.82
909.82
909.82
909.82
909.82
909.82
909.82
909.82
909.82
909.82
909.82
909.82
909.82
909.82
909.82
909.82
909.82
909.82
909.82
909.82
909.82
909.82
909.82
909.82
909.82
909.82
909.82
909.82
909.82
909.82
909.82
909.82
909.82
909.82
909.82
909.82
909.82
909.82
909.82
909.82
909.82
909.82
909.82
909.82
909.82
909.82
909.82
909.82
909.82
909.82
909.82
909.82
909.82
909.82
909.82
909.82
909.82
909.82
909.82
909.82
909.82
909.82
909.82
909.82
909.82
909.82
909.82
909.82
909.82
909.82
909.82
909.82
909.82
909.82
909.82
909.82
909.82
909.82
909.82
909.82
909.82
909.82
909.82
909.82
909.82
909.82
909.82
909.82
909.82
909.82
909.82
909.82
909.82
909.82
909.82
909.82
909.82
909.82
909.82
909.82
909.82
909.82
909.82
909.82
909.82
909.82
909.82
909.82
909.82
909.82
909.82
909.82
909.82
909.82
909.82
909.82
909.82
909.82
909.82
909.82
909.82
909.82
909.82
909.82
909.82
909.82
909.82
909.82
909.82
909.82
909.82
909.82
909.82
909.82
909.82
909.82
909.82
909.82
909.82
909.82
909.82
909.82
909.82
909.82
909.82
909.82
909.82
909.82
909.82
909.82
909.82
909.82
909.82
909.82
909.82
909.82
