0.9998
0.99965
0.99965
0.99965
0.99945
0.99905
0.99905
0.99875
0.99815
0.99795
0.99715
0.99735
0.9977
0.99655
0.9964478687212327
0.9954972983790275
0.9949469681809086
0.9946457165732586
0.9924424424424424
0.9916374561842765
0.9912315863312957
0.9888766409459866
0.989417724058378
0.9892640345156274
0.9884549744001606
0.9875935506554825
0.9863330318560949
0.983616443863705
0.98270139796842
0.9810789049919485
0.9822166246851385
0.981501083723978
0.9792832300015122
0.978167700297484
0.9771466047825649
0.9762097181533488
0.9726671045319052
0.9711786418567022
0.9687120291616039
0.9678710789033599
0.9660810399106327
0.9647668920636535
0.9651784350659268
0.9624891697670863
0.9609845776733735
0.9609778550606045
0.9575350886179694
0.9550959663348044
0.95363795410106
0.9503403465346535
0.9493068487481895
0.9515752322624176
0.9506679835733223
0.9487900078064012
0.9452754469171835
0.9439335353746473
0.9411548941521694
0.9388205613371177
0.937687648143271
0.9349799451129407
0.9320527067788538
0.9284768913124041
0.9255014326647565
0.9263561760630928
0.923586619643048
0.9203084832904884
0.9194623655913978
0.9150323275862069
0.9115087302016325
0.9103983501573863
0.9119651131098392
0.9098360655737705
0.9062208824335435
0.9016889475711063
0.9026802984249793
0.901270175827833
0.8974016580426195
0.8918481295365718
0.889762011674899
0.8907122314329217
0.8868095724169218
0.8822458615393367
0.8798628963153384
0.8762128954469771
0.8742290621937864
0.8685975257255174
0.8670738801628854
0.86324636666083
0.8603682852451325
0.8545936395759718
0.8554803467521672
0.8484595673678565
0.8460664074184864
0.8403250075233223
0.8371092803489217
0.8344096502985257
0.8328220858895705
0.8263200049288398
0.8289318337165227
0.8173430584128172
0.812511753275246
0.8079687302988274
0.7998353075315132
0.7933210120451214
0.7916746964733089
0.787363383560758
0.7815208184009904
0.7775729242114967
0.7685813056774365
0.7685712371893629
0.762748545921818
0.7547503916093441
0.7482796586842829
0.7452902328814738
0.7419740077274324
0.7314755725732114
0.7306726006747541
0.7265931194658151
0.7212994267235043
0.7177959791511541
0.7031977180603513
0.6977696859353664
0.6926791874281334
0.6853454938939558
0.6710085016769363
0.6638190159784845
0.6582906530089628
0.6570036540803897
0.6475774555042848
0.6379094773693423
0.6352941176470588
0.6230420268766584
0.6197612616537422
0.6163294159229478
0.617467718794835
0.5971216509775525
0.5863368885619713
0.5875642823749415
0.5831674722775092
0.5732746242940557
0.5639580093312597
0.5574240775546543
0.5556898288016113
0.5549186201248848
0.5514484477209013
0.5427999156651908
0.5494092373791621
0.5400522420548541
0.5341752520217127
0.5285473920358945
0.5239949604856259
0.5340736411455289
0.5182732111176819
0.515478761699064
0.5192896509491733
0.5143460439696932
0.5075078864353312
0.5035215776667947
0.5036391993761372
0.5003295110056676
0.4965212737489965
0.49993225850155804
0.49504814305364514
0.48651654156241314
0.4835892379208339
0.48121696900442795
0.47164911268215265
0.4745390693590869
0.4699925539836188
0.46937235968617985
0.46139705882352944
0.46608587429993775
0.4676937588429492
0.4615262824572514
0.45482168559091635
0.4568839993528555
0.46078270836744717
0.4644808743169399
0.45716666666666667
0.4549125168236878
0.4522108843537415
0.4509837763203314
0.44658342004856055
0.4478291316526611
0.45144076840981856
0.4516821760916249
0.4489024829075207
0.45568470759171814
0.4565257184697053
0.4619091751621872
0.4665548723681759
0.4654429668477243
0.4623352165725047
0.4632157755024649
0.4665395614871306
0.4674851333205448
0.4650760053877237
0.46510728784071137
0.46427184466019417
0.46906109701346865
0.471431376398979
0.46867612293144206
0.4695049504950495
0.4668255860150973
0.46664003196164605
0.47354709418837676
0.4744774919614148
0.4752215954875101
0.4729402261712439
0.47630619684082626
0.4731598210654738
0.4765688671556642
0.4750816993464052
0.47666803110929185
0.4788674599917932
0.47854649969205504
0.48306302607267504
0.4793592113370302
0.48017259091843023
0.4797533401849949
0.47871684145589144
0.48094747682801237
0.474237427864798
0.4786289489985546
0.48038000826104915
0.4796192840885578
0.4757864238410596
0.47992549668874174
0.48075331125827814
0.48033940397350994
0.47617074181516783
0.47679237463738083
0.48072139303482586
0.4790630182421227
0.4801990462367821
0.47688160895708065
0.47750362844702465
0.4812357453866888
0.47957702674683805
0.48059763436397596
0.47727744345299855
0.48288026561527286
0.4797675866362316
0.48288026561527286
0.4832952894791451
0.47873002697655115
0.4778999792488068
0.48018261050010375
0.4781074911807429
0.47935256277235944
0.4824652417514007
0.4795600747042955
0.4770699315210625
0.48142768209172027
0.48288026561527286
0.48142768209172027
0.48142768209172027
0.48142768209172027
0.4803901224320398
0.48142768209172027
0.48018261050010375
0.4791450508404233
0.4795600747042955
0.4764473957252542
0.4824652417514007
0.48225772981946463
0.4781074911807429
0.4791450508404233
0.4781074911807429
0.478315003112679
0.48142768209172027
0.48225772981946463
0.48080514629591203
0.47997509856816767
0.4810126582278481
0.48371031334301723
0.48080514629591203
0.4797675866362316
0.4803901224320398
0.48080514629591203
0.4789375389084872
0.4756173479975099
0.4812201701597842
0.4826727536833368
0.4812201701597842
0.48018261050010375
0.47935256277235944
0.47935256277235944
0.48059763436397596
0.4803901224320398
0.47997509856816767
0.4789375389084872
0.4776924673168707
0.48308777754720894
0.4791450508404233
0.48205021788752855
0.48059763436397596
0.48059763436397596
0.4851628968665698
0.4776924673168707
0.4797675866362316
0.4812201701597842
0.4791450508404233
0.47997509856816767
0.4789375389084872
0.4818427059555924
0.47935256277235944
0.4812201701597842
0.48018261050010375
0.4810126582278481
0.4812201701597842
0.47997509856816767
0.4810126582278481
0.48205021788752855
0.4795600747042955
0.4789375389084872
0.48018261050010375
0.4818427059555924
0.48495538493463375
0.4818427059555924
0.4778999792488068
0.48308777754720894
0.48225772981946463
0.4832952894791451
0.4810126582278481
0.48018261050010375
0.48474787300269767
0.48205021788752855
0.4803901224320398
0.47873002697655115
0.48142768209172027
0.4810126582278481
0.4812201701597842
0.48059763436397596
0.4803901224320398
0.4841253372068894
0.48350280141108115
0.4818427059555924
0.4789375389084872
0.4826727536833368
0.4832952894791451
0.48308777754720894
0.48371031334301723
0.4845403610707616
0.48495538493463375
0.4803901224320398
0.4868229923220585
0.4832952894791451
0.48350280141108115
0.4845403610707616
0.48474787300269767
0.48080514629591203
0.4841253372068894
0.48371031334301723
0.48205021788752855
0.48225772981946463
0.48205021788752855
0.48433284913882546
0.4826727536833368
0.48288026561527286
0.4845403610707616
0.48640796845818635
0.4832952894791451
0.4857854326623781
0.48433284913882546
0.48308777754720894
0.4812201701597842
0.4857854326623781
0.4845403610707616
0.4845403610707616
0.48371031334301723
0.4866154803901224
0.48640796845818635
0.4857854326623781
0.48474787300269767
0.48350280141108115
0.4853704087985059
0.4859929445943142
0.48620045652625027
0.48474787300269767
0.4839178252749533
0.48225772981946463
0.4845403610707616
0.4866154803901224
0.48080514629591203
0.48225772981946463
0.48474787300269767
0.48308777754720894
0.4857854326623781
0.485577920730442
0.4853704087985059
0.4866154803901224
0.4853704087985059
0.48474787300269767
0.4874455281178668
0.4857854326623781
0.4832952894791451
0.48620045652625027
0.4841253372068894
0.4868229923220585
0.4853704087985059
0.4853704087985059
0.4874455281178668
0.4853704087985059
0.4868229923220585
0.4845403610707616
0.48640796845818635
0.48640796845818635
0.48495538493463375
0.4841253372068894
0.4859929445943142
0.4859929445943142
0.4853704087985059
0.4839178252749533
0.4851628968665698
0.48495538493463375
0.4845403610707616
0.4851628968665698
0.488068063913675
0.4859929445943142
0.48495538493463375
0.4857854326623781
0.48620045652625027
0.48371031334301723
0.48495538493463375
0.48433284913882546
0.485577920730442
0.4818427059555924
0.48350280141108115
0.48350280141108115
0.4866154803901224
0.485577920730442
0.4841253372068894
0.4851628968665698
0.48433284913882546
0.485577920730442
0.48640796845818635
0.4851628968665698
0.4824652417514007
0.4826727536833368
0.4859929445943142
0.4859929445943142
0.4868229923220585
0.4866154803901224
0.48474787300269767
0.48474787300269767
0.4868229923220585
0.48371031334301723
0.4853704087985059
0.48288026561527286
0.4839178252749533
0.4888981116414194
0.48495538493463375
0.4868229923220585
0.4857854326623781
0.4853704087985059
0.4868229923220585
0.48308777754720894
0.4845403610707616
0.485577920730442
0.4859929445943142
0.4868229923220585
0.48620045652625027
0.48371031334301723
0.48495538493463375
0.4857854326623781
0.48495538493463375
0.48495538493463375
0.4851628968665698
0.485577920730442
0.48640796845818635
0.4853704087985059
0.4859929445943142
0.48433284913882546
0.4868229923220585
0.4857854326623781
0.4866154803901224
0.4841253372068894
0.4853704087985059
0.4841253372068894
0.48474787300269767
0.4841253372068894
0.4853704087985059
0.4857854326623781
0.4868229923220585
0.48640796845818635
0.48495538493463375
0.48495538493463375
0.48371031334301723
0.48433284913882546
0.48371031334301723
0.48163519402365634
0.4851628968665698
0.4851628968665698
0.48474787300269767
0.4845403610707616
0.48433284913882546
0.48474787300269767
0.4857854326623781
0.4853704087985059
0.4853704087985059
0.4839178252749533
0.4853704087985059
0.48474787300269767
0.48433284913882546
0.4853704087985059
0.48474787300269767
0.485577920730442
0.48640796845818635
0.48474787300269767
0.48288026561527286
0.4859929445943142
0.4839178252749533
0.48371031334301723
0.48433284913882546
0.4851628968665698
0.4868229923220585
0.4832952894791451
0.48495538493463375
0.4841253372068894
0.4841253372068894
0.4845403610707616
0.4824652417514007
0.4859929445943142
0.4882755758456111
0.48433284913882546
0.48765304004980287
0.48474787300269767
0.4845403610707616
0.48765304004980287
0.4845403610707616
0.48474787300269767
0.4874455281178668
0.48474787300269767
0.48371031334301723
0.4870305042539946
0.48495538493463375
0.4859929445943142
0.4851628968665698
0.4845403610707616
0.4841253372068894
0.4857854326623781
0.488068063913675
0.4888981116414194
0.4853704087985059
0.488068063913675
0.4851628968665698
0.4857854326623781
0.48495538493463375
0.48474787300269767
0.48474787300269767
0.4866154803901224
0.48495538493463375
0.4841253372068894
0.4857854326623781
0.4866154803901224
0.4857854326623781
0.4841253372068894
0.4839178252749533
0.48371031334301723
0.4845403610707616
0.4866154803901224
0.48786055198173894
0.4839178252749533
0.4868229923220585
0.4853704087985059
0.485577920730442
0.4841253372068894
0.48620045652625027
0.4824652417514007
0.4870305042539946
0.485577920730442
0.48640796845818635
0.4845403610707616
0.4853704087985059
0.4839178252749533
0.4851628968665698
0.4841253372068894
0.48433284913882546
0.48474787300269767
0.4857854326623781
0.485577920730442
0.485577920730442
0.48640796845818635
0.4857854326623781
0.48433284913882546
0.4870305042539946
0.48640796845818635
0.48640796845818635
0.4866154803901224
0.48371031334301723
0.485577920730442
0.4872380161859307
0.48433284913882546
0.4874455281178668
0.485577920730442
0.4857854326623781
0.4841253372068894
0.4841253372068894
0.4832952894791451
0.4845403610707616
0.48288026561527286
0.4853704087985059
0.4857854326623781
0.48433284913882546
0.48433284913882546
0.48433284913882546
0.48640796845818635
0.4857854326623781
0.4857854326623781
0.48640796845818635
0.4872380161859307
0.48640796845818635
0.48640796845818635
0.48350280141108115
0.4845403610707616
0.4839178252749533
0.48495538493463375
0.4832952894791451
0.4853704087985059
0.4841253372068894
0.48433284913882546
0.4845403610707616
0.48371031334301723
0.48640796845818635
0.4839178252749533
0.48308777754720894
0.48786055198173894
0.4874455281178668
0.4826727536833368
0.4841253372068894
0.4851628968665698
0.4853704087985059
0.4857854326623781
0.4859929445943142
0.48495538493463375
0.4853704087985059
0.4866154803901224
0.4868229923220585
0.48495538493463375
0.4839178252749533
0.485577920730442
0.4851628968665698
0.4845403610707616
0.48474787300269767
0.485577920730442
0.48350280141108115
0.4851628968665698
0.4857854326623781
0.4845403610707616
0.48620045652625027
0.48474787300269767
0.48495538493463375
0.48288026561527286
0.4851628968665698
0.4851628968665698
0.4853704087985059
0.485577920730442
0.4870305042539946
0.48371031334301723
0.48495538493463375
0.48371031334301723
0.48640796845818635
0.48371031334301723
0.48288026561527286
0.48371031334301723
0.4857854326623781
0.48640796845818635
0.4866154803901224
0.4853704087985059
0.4839178252749533
0.48350280141108115
0.48495538493463375
0.485577920730442
0.4851628968665698
0.48371031334301723
0.48474787300269767
0.48765304004980287
0.485577920730442
0.4845403610707616
0.485577920730442
0.4853704087985059
0.4851628968665698
0.485577920730442
0.4839178252749533
0.48474787300269767
0.4845403610707616
0.4870305042539946
0.4839178252749533
0.48495538493463375
0.4872380161859307
0.48433284913882546
0.4826727536833368
0.48433284913882546
0.4866154803901224
0.4851628968665698
0.4851628968665698
0.4859929445943142
0.4851628968665698
0.4857854326623781
0.4845403610707616
0.4841253372068894
0.4853704087985059
0.48640796845818635
0.4857854326623781
0.4859929445943142
0.4870305042539946
0.4872380161859307
0.48350280141108115
0.48640796845818635
0.4841253372068894
0.4839178252749533
0.4851628968665698
0.4866154803901224
0.485577920730442
0.4853704087985059
0.4857854326623781
0.4839178252749533
0.4882755758456111
0.48620045652625027
0.4845403610707616
0.4866154803901224
0.4866154803901224
0.4841253372068894
0.4870305042539946
0.4868229923220585
0.4839178252749533
0.4841253372068894
0.4872380161859307
0.48640796845818635
0.48620045652625027
0.4859929445943142
0.4859929445943142
0.48495538493463375
0.4853704087985059
0.48495538493463375
0.4841253372068894
0.4853704087985059
0.4870305042539946
0.4839178252749533
0.48371031334301723
0.48433284913882546
0.4845403610707616
0.4866154803901224
0.4853704087985059
0.4845403610707616
0.4870305042539946
0.4866154803901224
0.48620045652625027
0.4832952894791451
0.4841253372068894
0.48474787300269767
0.48620045652625027
0.48786055198173894
0.4853704087985059
0.48620045652625027
0.48350280141108115
0.4866154803901224
0.48474787300269767
0.48350280141108115
0.48765304004980287
0.4832952894791451
0.48640796845818635
0.4853704087985059
0.4859929445943142
0.4859929445943142
0.4839178252749533
0.48495538493463375
0.4839178252749533
0.485577920730442
0.4859929445943142
0.48474787300269767
0.48308777754720894
0.4872380161859307
0.4857854326623781
0.4841253372068894
0.48371031334301723
0.48474787300269767
0.4851628968665698
0.4853704087985059
0.48495538493463375
0.48371031334301723
0.4845403610707616
0.48433284913882546
0.4857854326623781
0.48474787300269767
0.4859929445943142
0.4866154803901224
0.48433284913882546
0.4851628968665698
0.4857854326623781
0.4886905997094833
0.4832952894791451
0.4845403610707616
0.4839178252749533
0.4853704087985059
0.48371031334301723
0.48620045652625027
0.48620045652625027
0.485577920730442
0.485577920730442
0.4851628968665698
0.4839178252749533
0.4868229923220585
0.48225772981946463
0.4841253372068894
0.4868229923220585
0.4845403610707616
0.48288026561527286
0.4839178252749533
0.4870305042539946
0.4853704087985059
0.4845403610707616
0.4841253372068894
0.4841253372068894
0.4841253372068894
0.48495538493463375
0.4845403610707616
0.4845403610707616
0.4866154803901224
0.48433284913882546
0.4874455281178668
0.4870305042539946
0.48433284913882546
0.4839178252749533
0.4851628968665698
0.4839178252749533
0.48495538493463375
0.488068063913675
0.4859929445943142
0.485577920730442
0.4839178252749533
0.48371031334301723
0.4853704087985059
0.48640796845818635
0.48225772981946463
0.4845403610707616
0.48495538493463375
0.48474787300269767
0.48640796845818635
0.4859929445943142
0.48371031334301723
0.4851628968665698
0.485577920730442
0.48495538493463375
0.485577920730442
0.48620045652625027
0.4845403610707616
0.4851628968665698
0.48640796845818635
0.4853704087985059
0.48205021788752855
0.4866154803901224
0.48620045652625027
0.4851628968665698
0.48371031334301723
0.4845403610707616
0.48474787300269767
0.4853704087985059
0.4866154803901224
0.48910562357335546
0.4845403610707616
0.4853704087985059
0.48371031334301723
0.4866154803901224
0.4841253372068894
0.485577920730442
0.485577920730442
0.4859929445943142
0.48620045652625027
0.4845403610707616
0.48433284913882546
0.4874455281178668
0.4832952894791451
0.4841253372068894
0.4839178252749533
0.48288026561527286
0.4839178252749533
0.4868229923220585
0.4870305042539946
0.4866154803901224
0.4866154803901224
0.48495538493463375
0.48474787300269767
0.48640796845818635
0.4853704087985059
0.4845403610707616
0.48495538493463375
0.4859929445943142
0.4872380161859307
0.4851628968665698
0.48288026561527286
0.4851628968665698
0.4874455281178668
0.4845403610707616
0.4868229923220585
0.485577920730442
0.485577920730442
0.48474787300269767
0.4872380161859307
0.48474787300269767
0.48350280141108115
0.48474787300269767
0.4874455281178668
0.4870305042539946
0.4851628968665698
0.4868229923220585
0.4845403610707616
0.4853704087985059
0.4868229923220585
0.48640796845818635
0.48620045652625027
0.48495538493463375
0.4841253372068894
0.4859929445943142
0.4857854326623781
0.48640796845818635
0.48765304004980287
0.4857854326623781
0.48371031334301723
0.4853704087985059
0.4826727536833368
0.48786055198173894
0.4857854326623781
0.4853704087985059
0.4853704087985059
0.4841253372068894
0.4839178252749533
0.4866154803901224
0.4845403610707616
0.4851628968665698
0.4841253372068894
0.4872380161859307
0.4859929445943142
0.48640796845818635
0.4853704087985059
0.4839178252749533
0.4866154803901224
0.4874455281178668
0.48495538493463375
0.4859929445943142
0.4853704087985059
0.48640796845818635
0.48371031334301723
0.4841253372068894
0.4832952894791451
0.4870305042539946
0.4845403610707616
0.48620045652625027
0.4888981116414194
0.4859929445943142
0.48620045652625027
0.48640796845818635
0.4868229923220585
0.4866154803901224
0.4851628968665698
0.48640796845818635
0.4868229923220585
0.4853704087985059
0.4857854326623781
0.48640796845818635
0.4851628968665698
0.4870305042539946
0.485577920730442
0.48495538493463375
0.4851628968665698
0.4874455281178668
0.48765304004980287
0.485577920730442
0.4841253372068894
0.4851628968665698
0.48308777754720894
0.4870305042539946
0.48620045652625027
0.48495538493463375
0.4874455281178668
0.485577920730442
0.4859929445943142
0.4845403610707616
0.4845403610707616
0.4841253372068894
0.4839178252749533
0.48474787300269767
0.4853704087985059
0.48474787300269767
0.485577920730442
0.48371031334301723
0.4857854326623781
0.48163519402365634
0.4839178252749533
0.4853704087985059
0.48640796845818635
0.4853704087985059
0.48350280141108115
0.4824652417514007
0.4868229923220585
0.485577920730442
0.48620045652625027
0.4872380161859307
0.4857854326623781
0.4853704087985059
0.4857854326623781
0.485577920730442
0.48620045652625027
0.48433284913882546
0.485577920730442
0.4870305042539946
0.48371031334301723
0.48474787300269767
0.4857854326623781
0.4851628968665698
0.4845403610707616
0.48474787300269767
0.48474787300269767
0.4853704087985059
0.4853704087985059
0.48620045652625027
0.4870305042539946
0.48495538493463375
0.4870305042539946
0.48474787300269767
0.4857854326623781
0.4859929445943142
0.4857854326623781
0.485577920730442
0.4888981116414194
0.48371031334301723
0.48495538493463375
0.48474787300269767
0.4874455281178668
0.4859929445943142
0.4853704087985059
0.4868229923220585
0.48640796845818635
0.4853704087985059
0.48474787300269767
0.48910562357335546
0.48786055198173894
0.48765304004980287
0.4859929445943142
0.4841253372068894
0.4872380161859307
0.48474787300269767
0.4845403610707616
0.48288026561527286
0.4857854326623781
0.485577920730442
0.4859929445943142
0.48495538493463375
0.4851628968665698
0.4851628968665698
0.48433284913882546
0.48474787300269767
0.48495538493463375
0.4851628968665698
0.4874455281178668
0.48205021788752855
0.48350280141108115
0.4841253372068894
0.4853704087985059
0.48474787300269767
0.48433284913882546
0.48495538493463375
0.48433284913882546
0.48765304004980287
0.48350280141108115
0.48495538493463375
0.48640796845818635
0.48495538493463375
0.485577920730442
0.4853704087985059
0.48433284913882546
0.48495538493463375
0.48433284913882546
0.48495538493463375
0.4851628968665698
0.4818427059555924
0.48371031334301723
0.48765304004980287
0.48225772981946463
0.4841253372068894
0.4866154803901224
0.4845403610707616
0.48474787300269767
0.485577920730442
0.4853704087985059
0.4859929445943142
0.48620045652625027
0.48640796845818635
0.48433284913882546
0.48350280141108115
0.4851628968665698
0.4845403610707616
0.4832952894791451
0.4868229923220585
0.48350280141108115
0.48433284913882546
0.4851628968665698
0.48495538493463375
0.485577920730442
0.4841253372068894
0.48765304004980287
0.4859929445943142
0.4866154803901224
0.48620045652625027
0.4870305042539946
0.4857854326623781
0.48786055198173894
0.485577920730442
0.48350280141108115
0.4841253372068894
0.4845403610707616
0.4841253372068894
0.4870305042539946
0.48371031334301723
0.485577920730442
0.48620045652625027
0.4851628968665698
0.48620045652625027
0.4841253372068894
0.4845403610707616
0.48786055198173894
0.48640796845818635
0.48308777754720894
0.4872380161859307
0.48640796845818635
0.4839178252749533
0.48474787300269767
0.48848308777754723
0.4851628968665698
0.4874455281178668
0.485577920730442
0.4851628968665698
0.4851628968665698
0.4851628968665698
0.4841253372068894
0.4851628968665698
0.4866154803901224
0.4857854326623781
0.48288026561527286
0.4839178252749533
0.48620045652625027
0.48640796845818635
0.4841253372068894
0.4845403610707616
0.4870305042539946
0.4886905997094833
0.4851628968665698
0.4839178252749533
0.48495538493463375
0.4857854326623781
0.48371031334301723
0.48640796845818635
0.4859929445943142
0.48620045652625027
0.4857854326623781
0.4839178252749533
0.48640796845818635
0.4845403610707616
0.48640796845818635
0.4859929445943142
0.4845403610707616
0.4857854326623781
0.4845403610707616
0.4810126582278481
0.48495538493463375
0.4839178252749533
0.4832952894791451
0.4845403610707616
0.485577920730442
0.4851628968665698
0.4845403610707616
0.4853704087985059
0.48620045652625027
0.48495538493463375
0.4868229923220585
0.48433284913882546
0.4845403610707616
0.48620045652625027
0.48288026561527286
0.485577920730442
0.4845403610707616
0.4851628968665698
0.48640796845818635
0.48350280141108115
0.4859929445943142
0.48371031334301723
0.4870305042539946
0.48350280141108115
0.48474787300269767
0.488068063913675
0.4859929445943142
0.48205021788752855
0.4866154803901224
0.4857854326623781
0.48433284913882546
0.48495538493463375
0.485577920730442
0.4870305042539946
0.4851628968665698
0.4859929445943142
0.48288026561527286
0.4868229923220585
0.4866154803901224
0.48640796845818635
0.485577920730442
0.4868229923220585
0.4868229923220585
0.48433284913882546
0.4859929445943142
0.4857854326623781
0.4832952894791451
0.4839178252749533
0.4866154803901224
0.4841253372068894
0.4841253372068894
0.4841253372068894
0.48640796845818635
0.4851628968665698
0.4857854326623781
0.48474787300269767
0.48288026561527286
0.4868229923220585
0.48640796845818635
0.4874455281178668
0.48495538493463375
0.4853704087985059
0.4845403610707616
0.48765304004980287
0.4853704087985059
0.4853704087985059
0.48640796845818635
0.48433284913882546
0.48620045652625027
0.48288026561527286
0.48350280141108115
0.48350280141108115
0.4866154803901224
0.4841253372068894
