2.0E-4
3.0E-4
3.0E-4
3.0E-4
5.0E-4
9.0E-4
9.0E-4
0.0011
0.0015
0.0017
0.0023
0.0023
0.0018
0.0029
0.0029517710626375824
0.0036521913147888733
0.003902341404842906
0.004153322658126501
0.0056556556556556555
0.006159238858287431
0.006513678725323178
0.00821725623810001
0.008425698380059181
0.008127226207796117
0.008784258608573436
0.009543422572705811
0.010451210933574515
0.012262538948638053
0.012923664889872273
0.014341787439613526
0.013753148614609571
0.01461767226170674
0.01618025102071677
0.016638935108153077
0.017758046614872364
0.018436205677341146
0.021219623099075432
0.022551448652475097
0.023693803159173753
0.025084883190594435
0.02604854270336143
0.027301845543749047
0.0273379829964873
0.02976402833698588
0.031457460933510366
0.030583542167442336
0.032988423317283064
0.035307400184748025
0.03617371616754142
0.037902227722772276
0.04003724394785847
0.038303835573779
0.03909133440765192
0.03976060369502993
0.04278938864856413
0.04399623785139513
0.04464472856843429
0.0481972038263429
0.04882802212272847
0.05172049820561537
0.054347250886384084
0.057811424638678596
0.05810251512257243
0.05739102632420335
0.05979480602757294
0.0618573264781491
0.06327956989247312
0.06627155172413793
0.0689226444672685
0.07076956474546836
0.06988280185336604
0.07109289617486339
0.07404768429706769
0.07702041040875832
0.07654048079579995
0.07848466359753731
0.08156679463639904
0.08486878838637632
0.08627076784912438
0.08554672080302261
0.09090393557899512
0.09420331076853063
0.09660097115109968
0.09961531836711258
0.1013314888466194
0.10359579142097353
0.10529377545084351
0.10792038755617814
0.11083743842364532
0.1133097762073027
0.1160194751217195
0.12085096239795007
0.12138797487286868
0.12645200120373157
0.1270293191180034
0.13025466065553795
0.1322085889570552
0.13634403302322715
0.13571117877337974
0.14487874820771773
0.14730771641697488
0.150989786912117
0.15791473997592956
0.16270473519852144
0.16496434765850837
0.16710858177585203
0.17306313937577378
0.17719101863435832
0.1828879138412445
0.18447317301895638
0.18990937373190855
0.19737110944629843
0.2003853564547206
0.20236357316649287
0.20583069898138392
0.21286251152237112
0.21269112052257555
0.21795616199738713
0.22166691165662208
0.22866716306775875
0.2396787269178802
0.24078288575329995
0.2476044461479494
0.2544442726851136
0.2630840028078933
0.27036861256130357
0.27240717029449424
0.2746244417377182
0.2846901779828609
0.290239226473285
0.2926787981379602
0.303945904305401
0.3040864337370393
0.3096226915260228
0.3060437589670014
0.32213975380159304
0.3316476645825671
0.32809724170172977
0.3358923324803336
0.34000191442519384
0.3485614307931571
0.3535463448412306
0.35609264853977846
0.3603234722080049
0.3634098224483439
0.36864853468269027
0.36970998925886145
0.3753809316499782
0.37886340977068794
0.3854178351093662
0.3891879509792693
0.38340151957919344
0.3930218805440568
0.39212862970962326
0.3933864053888549
0.3962240715439076
0.40063091482649843
0.4086310667178896
0.4061606446581752
0.4110979306708844
0.41945410757291945
0.41511990245224223
0.42063273727647865
0.4234083958854601
0.42752500352162276
0.42779602913869447
0.43240513634396194
0.42917764120573604
0.4366344005956813
0.4372359686179843
0.44454656862745096
0.4438394523957685
0.44505580883508883
0.44553514882837236
0.449544218774988
0.449765410127811
0.44571802849189457
0.44378208312634543
0.44566666666666666
0.4458277254374159
0.4479591836734694
0.4573696927856403
0.456122095039889
0.45605742296918766
0.46033440056919245
0.46045096635647814
0.4613170205109752
0.45949872865964403
0.4545121727988285
0.45505097312326226
0.4535122042109186
0.45589061622026594
0.4591337099811676
0.4579067121729238
0.45414680648236416
0.4544408210243622
0.4521839522801616
0.4527353566595786
0.4520388349514563
0.4483700956470818
0.44924406047516197
0.45429472025216705
0.4524752475247525
0.45510528406833534
0.4576508190171794
0.45230460921843685
0.4503617363344051
0.4494359387590653
0.45254442649434573
0.44795463750506276
0.4528263521756812
0.4490627546862266
0.45241013071895425
0.45067539909946785
0.44829708658186296
0.4489837815643605
0.4450831451447341
0.4491682070240296
0.44729813026505033
0.447070914696814
0.44787168414558914
0.4467559217301751
0.45362737015663646
0.4497212471608507
0.44816191656340354
0.4489964825160356
0.45281456953642385
0.44888245033112584
0.44846854304635764
0.44826158940397354
0.4529631164525487
0.452134272689598
0.4490049751243781
0.45066334991708124
0.44909807173958116
0.4524155090192826
0.4522081691893013
0.4480613725896745
0.4501347708894879
0.4488483087777547
0.4517534758248599
0.4463581655945217
0.4503008923013073
0.44677318945839384
0.4461506536625856
0.4507159161651795
0.45154596389292384
0.4492633326416269
0.45133845196098776
0.4496783565054991
0.44677318945839384
0.44988586843743517
0.4523760116206682
0.44822577298194644
0.44656567752645776
0.4476032371861382
0.44822577298194644
0.44801826105001036
0.4490558207096908
0.44801826105001036
0.4492633326416269
0.4505084042332434
0.4496783565054991
0.4534135712803486
0.4473957252542021
0.44718821332226605
0.45154596389292384
0.45009338036937124
0.45154596389292384
0.45133845196098776
0.44822577298194644
0.4476032371861382
0.44864079684581865
0.4496783565054991
0.44843328491388257
0.44594314173064953
0.4488483087777547
0.44988586843743517
0.4492633326416269
0.44864079684581865
0.4507159161651795
0.4538285951442208
0.44801826105001036
0.44698070139032997
0.4478107491180743
0.44947084457356296
0.4503008923013073
0.4503008923013073
0.4488483087777547
0.4492633326416269
0.44947084457356296
0.4503008923013073
0.451960987756796
0.4463581655945217
0.4507159161651795
0.4476032371861382
0.44864079684581865
0.4488483087777547
0.4442830462751608
0.45133845196098776
0.4496783565054991
0.44864079684581865
0.45009338036937124
0.44988586843743517
0.4505084042332434
0.44801826105001036
0.45009338036937124
0.44864079684581865
0.44947084457356296
0.44864079684581865
0.44822577298194644
0.44947084457356296
0.44843328491388257
0.4476032371861382
0.44988586843743517
0.4503008923013073
0.44947084457356296
0.4476032371861382
0.4442830462751608
0.4478107491180743
0.451960987756796
0.44698070139032997
0.4476032371861382
0.44594314173064953
0.44864079684581865
0.4492633326416269
0.44511309400290516
0.4478107491180743
0.44864079684581865
0.4505084042332434
0.44801826105001036
0.44864079684581865
0.44864079684581865
0.4490558207096908
0.4492633326416269
0.44573562979871345
0.4461506536625856
0.4478107491180743
0.4509234280971156
0.44656567752645776
0.4461506536625856
0.4463581655945217
0.4463581655945217
0.4455281178667773
0.4449055820709691
0.44947084457356296
0.4430379746835443
0.4461506536625856
0.44573562979871345
0.44511309400290516
0.44449055820709693
0.44843328491388257
0.4455281178667773
0.4461506536625856
0.44718821332226605
0.44698070139032997
0.4473957252542021
0.444698070139033
0.44698070139032997
0.4463581655945217
0.444698070139033
0.4430379746835443
0.4463581655945217
0.4432454866154804
0.4449055820709691
0.44656567752645776
0.44801826105001036
0.4440755343432247
0.4449055820709691
0.44511309400290516
0.44573562979871345
0.4430379746835443
0.4430379746835443
0.4442830462751608
0.44511309400290516
0.4461506536625856
0.4440755343432247
0.4434529985474165
0.4434529985474165
0.44511309400290516
0.44573562979871345
0.4476032371861382
0.4449055820709691
0.4428304627516082
0.4488483087777547
0.44698070139032997
0.444698070139033
0.44677318945839384
0.4434529985474165
0.4440755343432247
0.4442830462751608
0.4430379746835443
0.4440755343432247
0.444698070139033
0.44241543888773605
0.44366051047935257
0.4463581655945217
0.44386802241128864
0.4455281178667773
0.44241543888773605
0.4440755343432247
0.44366051047935257
0.44220792695579997
0.444698070139033
0.4428304627516082
0.44511309400290516
0.4434529985474165
0.4434529985474165
0.444698070139033
0.44532060593484124
0.4432454866154804
0.4434529985474165
0.4442830462751608
0.44573562979871345
0.4440755343432247
0.44449055820709693
0.4455281178667773
0.44449055820709693
0.4415853911599917
0.4434529985474165
0.4449055820709691
0.4442830462751608
0.4434529985474165
0.44573562979871345
0.44449055820709693
0.44532060593484124
0.4440755343432247
0.4473957252542021
0.4461506536625856
0.44573562979871345
0.4432454866154804
0.4440755343432247
0.4455281178667773
0.4440755343432247
0.44532060593484124
0.4440755343432247
0.4428304627516082
0.44449055820709693
0.44656567752645776
0.44698070139032997
0.44366051047935257
0.44366051047935257
0.4426229508196721
0.4428304627516082
0.44449055820709693
0.444698070139033
0.4426229508196721
0.44594314173064953
0.4440755343432247
0.44656567752645776
0.4455281178667773
0.4411703672961195
0.44449055820709693
0.4430379746835443
0.44386802241128864
0.4442830462751608
0.4428304627516082
0.4463581655945217
0.4449055820709691
0.4442830462751608
0.4430379746835443
0.44220792695579997
0.4434529985474165
0.44573562979871345
0.4442830462751608
0.44366051047935257
0.444698070139033
0.4442830462751608
0.4449055820709691
0.44366051047935257
0.4430379746835443
0.4442830462751608
0.4432454866154804
0.4449055820709691
0.44241543888773605
0.4434529985474165
0.4428304627516082
0.44511309400290516
0.4442830462751608
0.4455281178667773
0.4449055820709691
0.4455281178667773
0.4442830462751608
0.4434529985474165
0.4430379746835443
0.4434529985474165
0.4442830462751608
0.444698070139033
0.44594314173064953
0.4449055820709691
0.44532060593484124
0.4478107491180743
0.4442830462751608
0.4442830462751608
0.44511309400290516
0.444698070139033
0.44511309400290516
0.44449055820709693
0.4434529985474165
0.4442830462751608
0.4442830462751608
0.44573562979871345
0.44386802241128864
0.44449055820709693
0.44532060593484124
0.4442830462751608
0.4449055820709691
0.4440755343432247
0.4430379746835443
0.444698070139033
0.44656567752645776
0.44366051047935257
0.44532060593484124
0.44573562979871345
0.4449055820709691
0.44449055820709693
0.4432454866154804
0.4461506536625856
0.44449055820709693
0.44532060593484124
0.4455281178667773
0.4449055820709691
0.44698070139032997
0.44366051047935257
0.4415853911599917
0.4455281178667773
0.4420004150238639
0.444698070139033
0.444698070139033
0.4420004150238639
0.4449055820709691
0.44511309400290516
0.4417929030919278
0.4449055820709691
0.44573562979871345
0.44241543888773605
0.4442830462751608
0.4434529985474165
0.4442830462751608
0.444698070139033
0.4455281178667773
0.44386802241128864
0.4413778792280556
0.44075534343224737
0.4442830462751608
0.4413778792280556
0.4442830462751608
0.4432454866154804
0.44449055820709693
0.444698070139033
0.4449055820709691
0.4430379746835443
0.444698070139033
0.44532060593484124
0.44386802241128864
0.4432454866154804
0.4440755343432247
0.4455281178667773
0.44532060593484124
0.44573562979871345
0.44532060593484124
0.4430379746835443
0.4417929030919278
0.44573562979871345
0.4428304627516082
0.44386802241128864
0.44386802241128864
0.44532060593484124
0.4434529985474165
0.44698070139032997
0.44241543888773605
0.4442830462751608
0.4432454866154804
0.44449055820709693
0.44386802241128864
0.4455281178667773
0.4440755343432247
0.44511309400290516
0.44511309400290516
0.444698070139033
0.4442830462751608
0.44366051047935257
0.4442830462751608
0.4428304627516082
0.44366051047935257
0.44511309400290516
0.4426229508196721
0.4430379746835443
0.4430379746835443
0.4432454866154804
0.44573562979871345
0.44386802241128864
0.44241543888773605
0.4449055820709691
0.4420004150238639
0.44386802241128864
0.4440755343432247
0.4455281178667773
0.44511309400290516
0.4461506536625856
0.4449055820709691
0.44677318945839384
0.4442830462751608
0.4434529985474165
0.44511309400290516
0.44532060593484124
0.44532060593484124
0.4432454866154804
0.44366051047935257
0.44386802241128864
0.4432454866154804
0.44220792695579997
0.4432454866154804
0.4432454866154804
0.4461506536625856
0.44511309400290516
0.4455281178667773
0.444698070139033
0.44594314173064953
0.44386802241128864
0.44511309400290516
0.44532060593484124
0.44532060593484124
0.44573562979871345
0.4430379746835443
0.44573562979871345
0.44698070139032997
0.4420004150238639
0.44241543888773605
0.44656567752645776
0.44532060593484124
0.4442830462751608
0.4440755343432247
0.44386802241128864
0.44386802241128864
0.444698070139033
0.4442830462751608
0.4430379746835443
0.4426229508196721
0.444698070139033
0.4455281178667773
0.44386802241128864
0.4442830462751608
0.4449055820709691
0.444698070139033
0.4440755343432247
0.44573562979871345
0.4442830462751608
0.4434529985474165
0.44511309400290516
0.44366051047935257
0.44449055820709693
0.4440755343432247
0.44656567752645776
0.4442830462751608
0.44449055820709693
0.4442830462751608
0.44386802241128864
0.4428304627516082
0.4455281178667773
0.4449055820709691
0.44573562979871345
0.4432454866154804
0.44594314173064953
0.44698070139032997
0.4461506536625856
0.44366051047935257
0.44366051047935257
0.4428304627516082
0.4442830462751608
0.4455281178667773
0.44594314173064953
0.444698070139033
0.4440755343432247
0.4440755343432247
0.4455281178667773
0.444698070139033
0.4420004150238639
0.44386802241128864
0.44511309400290516
0.4440755343432247
0.44449055820709693
0.44449055820709693
0.44366051047935257
0.44573562979871345
0.44511309400290516
0.44532060593484124
0.44241543888773605
0.44573562979871345
0.444698070139033
0.44220792695579997
0.44532060593484124
0.44656567752645776
0.44532060593484124
0.4428304627516082
0.4442830462751608
0.44449055820709693
0.4434529985474165
0.4440755343432247
0.44366051047935257
0.4449055820709691
0.4455281178667773
0.44386802241128864
0.4430379746835443
0.44386802241128864
0.44366051047935257
0.44241543888773605
0.44241543888773605
0.4461506536625856
0.4432454866154804
0.4449055820709691
0.44573562979871345
0.44449055820709693
0.4430379746835443
0.44386802241128864
0.4442830462751608
0.4434529985474165
0.4455281178667773
0.4413778792280556
0.4434529985474165
0.44532060593484124
0.4428304627516082
0.4428304627516082
0.44532060593484124
0.44241543888773605
0.4432454866154804
0.44573562979871345
0.4455281178667773
0.44241543888773605
0.4430379746835443
0.4434529985474165
0.44366051047935257
0.44366051047935257
0.44449055820709693
0.4440755343432247
0.4442830462751608
0.4455281178667773
0.44449055820709693
0.44241543888773605
0.44511309400290516
0.4455281178667773
0.44511309400290516
0.44511309400290516
0.4432454866154804
0.4442830462751608
0.444698070139033
0.4428304627516082
0.4428304627516082
0.4430379746835443
0.44594314173064953
0.44532060593484124
0.4449055820709691
0.4430379746835443
0.4415853911599917
0.4442830462751608
0.4434529985474165
0.4463581655945217
0.4426229508196721
0.4449055820709691
0.44594314173064953
0.44220792695579997
0.44594314173064953
0.4432454866154804
0.4440755343432247
0.4434529985474165
0.44366051047935257
0.4455281178667773
0.44449055820709693
0.4455281178667773
0.4440755343432247
0.44386802241128864
0.4449055820709691
0.44656567752645776
0.44241543888773605
0.4434529985474165
0.4455281178667773
0.44573562979871345
0.444698070139033
0.4440755343432247
0.4442830462751608
0.44511309400290516
0.4461506536625856
0.4449055820709691
0.4449055820709691
0.44366051047935257
0.444698070139033
0.44386802241128864
0.4430379746835443
0.44511309400290516
0.4440755343432247
0.4434529985474165
0.44096285536418345
0.4461506536625856
0.44511309400290516
0.44532060593484124
0.4442830462751608
0.4455281178667773
0.4432454866154804
0.4430379746835443
0.4440755343432247
0.4440755343432247
0.4440755343432247
0.4455281178667773
0.4428304627516082
0.44718821332226605
0.44511309400290516
0.4426229508196721
0.44511309400290516
0.4461506536625856
0.4455281178667773
0.44241543888773605
0.44449055820709693
0.4449055820709691
0.4455281178667773
0.44511309400290516
0.44532060593484124
0.44449055820709693
0.4449055820709691
0.4449055820709691
0.4430379746835443
0.4449055820709691
0.4420004150238639
0.44241543888773605
0.44511309400290516
0.4455281178667773
0.4442830462751608
0.4455281178667773
0.44449055820709693
0.4417929030919278
0.4434529985474165
0.44366051047935257
0.44573562979871345
0.4455281178667773
0.4442830462751608
0.4428304627516082
0.4478107491180743
0.4449055820709691
0.4442830462751608
0.4449055820709691
0.4434529985474165
0.4440755343432247
0.44594314173064953
0.44386802241128864
0.4442830462751608
0.4442830462751608
0.44386802241128864
0.44366051047935257
0.44511309400290516
0.444698070139033
0.4434529985474165
0.4440755343432247
0.4476032371861382
0.4432454866154804
0.4432454866154804
0.4442830462751608
0.44532060593484124
0.44511309400290516
0.44511309400290516
0.4442830462751608
0.4428304627516082
0.44096285536418345
0.44532060593484124
0.4440755343432247
0.4455281178667773
0.4426229508196721
0.44532060593484124
0.4442830462751608
0.4440755343432247
0.44386802241128864
0.44366051047935257
0.44449055820709693
0.4455281178667773
0.4426229508196721
0.4463581655945217
0.44511309400290516
0.44573562979871345
0.4463581655945217
0.44532060593484124
0.4430379746835443
0.4426229508196721
0.4432454866154804
0.4432454866154804
0.4442830462751608
0.4449055820709691
0.44366051047935257
0.4442830462751608
0.44511309400290516
0.444698070139033
0.4434529985474165
0.4420004150238639
0.4442830462751608
0.44656567752645776
0.444698070139033
0.4420004150238639
0.44532060593484124
0.4428304627516082
0.44366051047935257
0.44366051047935257
0.4449055820709691
0.44220792695579997
0.4449055820709691
0.44594314173064953
0.444698070139033
0.44220792695579997
0.44241543888773605
0.4440755343432247
0.44241543888773605
0.444698070139033
0.44386802241128864
0.4430379746835443
0.4432454866154804
0.44366051047935257
0.44449055820709693
0.4455281178667773
0.44366051047935257
0.44366051047935257
0.4430379746835443
0.4417929030919278
0.4440755343432247
0.44532060593484124
0.4440755343432247
0.44656567752645776
0.4420004150238639
0.44366051047935257
0.4440755343432247
0.44386802241128864
0.44532060593484124
0.44573562979871345
0.4430379746835443
0.4449055820709691
0.44449055820709693
0.44573562979871345
0.4428304627516082
0.44386802241128864
0.4432454866154804
0.4440755343432247
0.44532060593484124
0.4428304627516082
0.44220792695579997
0.44511309400290516
0.44366051047935257
0.4440755343432247
0.4430379746835443
0.44573562979871345
0.44532060593484124
0.4463581655945217
0.44220792695579997
0.4449055820709691
0.4430379746835443
0.44096285536418345
0.44366051047935257
0.4434529985474165
0.4430379746835443
0.4426229508196721
0.4428304627516082
0.44386802241128864
0.4430379746835443
0.4428304627516082
0.4442830462751608
0.44366051047935257
0.44366051047935257
0.44449055820709693
0.4426229508196721
0.4442830462751608
0.44449055820709693
0.4440755343432247
0.44220792695579997
0.4417929030919278
0.4442830462751608
0.44532060593484124
0.444698070139033
0.4463581655945217
0.4426229508196721
0.4430379746835443
0.44511309400290516
0.44220792695579997
0.44366051047935257
0.44366051047935257
0.44511309400290516
0.44511309400290516
0.4455281178667773
0.44532060593484124
0.4449055820709691
0.44386802241128864
0.44511309400290516
0.4442830462751608
0.44532060593484124
0.44366051047935257
0.4476032371861382
0.4455281178667773
0.4442830462751608
0.4428304627516082
0.44386802241128864
0.44573562979871345
0.44677318945839384
0.4432454866154804
0.4440755343432247
0.4432454866154804
0.44220792695579997
0.4440755343432247
0.4440755343432247
0.44386802241128864
0.4440755343432247
0.4430379746835443
0.4455281178667773
0.4442830462751608
0.4428304627516082
0.4461506536625856
0.44449055820709693
0.44386802241128864
0.44449055820709693
0.44532060593484124
0.444698070139033
0.4449055820709691
0.44386802241128864
0.4440755343432247
0.44366051047935257
0.4426229508196721
0.4449055820709691
0.44241543888773605
0.4449055820709691
0.44386802241128864
0.4432454866154804
0.44366051047935257
0.44386802241128864
0.44096285536418345
0.4455281178667773
0.444698070139033
0.444698070139033
0.4420004150238639
0.4434529985474165
0.44386802241128864
0.4428304627516082
0.4432454866154804
0.44386802241128864
0.444698070139033
0.44075534343224737
0.4415853911599917
0.4417929030919278
0.4434529985474165
0.4455281178667773
0.4428304627516082
0.4449055820709691
0.44511309400290516
0.4463581655945217
0.44386802241128864
0.44386802241128864
0.4432454866154804
0.44449055820709693
0.4442830462751608
0.44386802241128864
0.44532060593484124
0.44511309400290516
0.4442830462751608
0.44449055820709693
0.4417929030919278
0.4473957252542021
0.44594314173064953
0.4455281178667773
0.4442830462751608
0.44511309400290516
0.44532060593484124
0.4449055820709691
0.4449055820709691
0.44220792695579997
0.44573562979871345
0.4449055820709691
0.4430379746835443
0.44449055820709693
0.4440755343432247
0.44386802241128864
0.4455281178667773
0.44449055820709693
0.44511309400290516
0.444698070139033
0.44386802241128864
0.4476032371861382
0.4455281178667773
0.4420004150238639
0.4476032371861382
0.4455281178667773
0.4428304627516082
0.4449055820709691
0.444698070139033
0.4442830462751608
0.44386802241128864
0.44386802241128864
0.44366051047935257
0.4432454866154804
0.44511309400290516
0.4455281178667773
0.4442830462751608
0.44511309400290516
0.4461506536625856
0.4430379746835443
0.44594314173064953
0.44511309400290516
0.4442830462751608
0.4442830462751608
0.4442830462751608
0.44511309400290516
0.4417929030919278
0.44386802241128864
0.4430379746835443
0.44366051047935257
0.44241543888773605
0.44366051047935257
0.4417929030919278
0.4440755343432247
0.44573562979871345
0.44532060593484124
0.4449055820709691
0.44532060593484124
0.4420004150238639
0.4461506536625856
0.4440755343432247
0.4434529985474165
0.4442830462751608
0.4432454866154804
0.44532060593484124
0.44511309400290516
0.4415853911599917
0.4434529985474165
0.4461506536625856
0.44220792695579997
0.4434529985474165
0.44573562979871345
0.44449055820709693
0.4411703672961195
0.4442830462751608
0.44241543888773605
0.4442830462751608
0.44449055820709693
0.44449055820709693
0.44449055820709693
0.4455281178667773
0.4440755343432247
0.4430379746835443
0.4434529985474165
0.44677318945839384
0.44532060593484124
0.4434529985474165
0.4432454866154804
0.4449055820709691
0.4449055820709691
0.4426229508196721
0.44096285536418345
0.4442830462751608
0.44532060593484124
0.44449055820709693
0.44386802241128864
0.44594314173064953
0.4432454866154804
0.4434529985474165
0.4432454866154804
0.44386802241128864
0.44573562979871345
0.4434529985474165
0.44511309400290516
0.4428304627516082
0.4434529985474165
0.444698070139033
0.44386802241128864
0.4455281178667773
0.44822577298194644
0.44449055820709693
0.4455281178667773
0.4463581655945217
0.4449055820709691
0.4440755343432247
0.44449055820709693
0.44532060593484124
0.4442830462751608
0.4434529985474165
0.44449055820709693
0.4428304627516082
0.44511309400290516
0.4449055820709691
0.4434529985474165
0.44656567752645776
0.44386802241128864
0.4449055820709691
0.44449055820709693
0.4430379746835443
0.44594314173064953
0.4432454866154804
0.4455281178667773
0.4426229508196721
0.4463581655945217
0.4449055820709691
0.4413778792280556
0.44386802241128864
0.4473957252542021
0.4430379746835443
0.4434529985474165
0.44511309400290516
0.44449055820709693
0.4440755343432247
0.4430379746835443
0.44449055820709693
0.4434529985474165
0.44677318945839384
0.4426229508196721
0.4428304627516082
0.4432454866154804
0.4440755343432247
0.4428304627516082
0.4426229508196721
0.44511309400290516
0.4434529985474165
0.44366051047935257
0.4461506536625856
0.44532060593484124
0.4430379746835443
0.44573562979871345
0.4455281178667773
0.4455281178667773
0.4430379746835443
0.4442830462751608
0.44386802241128864
0.4449055820709691
0.44656567752645776
0.4428304627516082
0.4432454866154804
0.4417929030919278
0.44449055820709693
0.44449055820709693
0.44532060593484124
0.4417929030919278
0.4440755343432247
0.44449055820709693
0.4432454866154804
0.4455281178667773
0.4428304627516082
0.44656567752645776
0.44656567752645776
0.44594314173064953
0.4430379746835443
0.44573562979871345
