0.0
5.0E-5
5.0E-5
5.0E-5
5.0E-5
5.0E-5
5.0E-5
1.5E-4
3.5E-4
3.5E-4
5.5E-4
3.5E-4
5.0E-4
5.5E-4
6.003602161296778E-4
8.505103061837102E-4
0.001150690414248549
0.0012009607686148918
0.0019019019019019018
0.0022033049574361543
0.0022547349433811002
0.0029061028159134182
0.0021565775615627666
0.0026087392765765313
0.002760766991265937
0.0028630267718117433
0.00321575721033062
0.004121017187657051
0.004374937141707734
0.004579307568438004
0.004030226700251889
0.0038812440143152376
0.004536518977771057
0.00519336459436293
0.005095348602562809
0.005354076169310031
0.00611327236901935
0.006269909490822673
0.007594167679222357
0.00704403790604571
0.00787041738600589
0.007931262392597489
0.007483581937585909
0.007746801895927832
0.007557961393116127
0.008438602771953152
0.009476488064747464
0.009596633480447501
0.01018832973139858
0.011757425742574257
0.010655907303951996
0.010120932163803394
0.010240682019025836
0.011449388498568826
0.011935164434252358
0.012070226773957572
0.014200377279396353
0.012982234836539472
0.013484329734000527
0.013299556681443952
0.013600042334762131
0.01371168404891736
0.016396052212671125
0.016252797612703825
0.016618574329379073
0.017834190231362467
0.017258064516129032
0.018696120689655173
0.019568625331098977
0.01883208509714534
0.018152085036794767
0.01907103825136612
0.019731433269388872
0.021290642020135336
0.02077922077922078
0.020245160574629762
0.02103154732098147
0.023283082077051927
0.02396722047597665
0.023741047764055716
0.02228649200408302
0.023550827692132657
0.02353613253356184
0.02417178618591032
0.024439448959594212
0.027806682853509075
0.027632344386271088
0.028833245782991887
0.028794276331222144
0.03209658421672556
0.028500178126113287
0.030689470234193432
0.032545617708644926
0.03322299127294613
0.03586140053307487
0.0353356890459364
0.03496932515337423
0.03733596204793297
0.03535698751009756
0.03777819337946512
0.0401805303077791
0.0410414827890556
0.04224995249255717
0.04397425275635715
0.04336095586818269
0.045528034663390025
0.04541604222323581
0.04523605715414499
0.04853078048131897
0.04695558979168062
0.047342080346273505
0.04787849894435742
0.05133498486099642
0.05234619395203337
0.0521952932911837
0.0556619159044175
0.0566362788026703
0.0554507185367978
0.05703366161987358
0.05353685778108712
0.0571235550217685
0.06144742831133364
0.05971636642391721
0.06021023342093059
0.06590749551517042
0.06581237146021199
0.0693021766965429
0.068371904181892
0.06773236651285432
0.07185129615737268
0.07202708421498095
0.0730120688179406
0.07615230460921844
0.07404789255102942
0.07648852223816356
0.08073859522085446
0.08201544685546157
0.08433847592332866
0.08094019524215715
0.08672346128075045
0.0874805598755832
0.08902957760411515
0.08821752265861027
0.08475790766711025
0.08514172983075485
0.08855154965211891
0.08088077336197637
0.08456682629516761
0.08696133820759942
0.0860347728547392
0.0868170885351048
0.08252483927527761
0.08870490833826139
0.0923926085913127
0.08732394366197183
0.0894298844863992
0.09186119873817035
0.08784735561531566
0.09020015596568755
0.088572558323448
0.08402461867808403
0.08494783904619971
0.08431911966987621
0.09007506255212677
0.08888575855754331
0.0909870018568776
0.09594575097388544
0.09628328943517706
0.09337304542069992
0.09339167169583584
0.0940563725490196
0.09007467330429371
0.08725043232196196
0.09293856871437618
0.09563409563409564
0.09335059051933343
0.09349926314065826
0.09173704255671469
0.09716666666666667
0.09925975773889636
0.09982993197278911
0.0916465308940283
0.09729448491155047
0.09611344537815127
0.08822483102098898
0.08786685755189692
0.08978049658150414
0.08481656374863784
0.08896210873146623
0.08303985171455051
0.07993292342090554
0.07866641693200974
0.07853107344632769
0.0788775123246113
0.07931363203050525
0.07807404565509303
0.08274004233211468
0.08215735549971004
0.08368932038834952
0.08256880733944955
0.07932456312585902
0.07702915681639086
0.07801980198019802
0.07806912991656734
0.0757091490211746
0.07414829659318638
0.07516077170418006
0.07534246575342465
0.07451534733441034
0.07573916565411097
0.07401382675884506
0.0743683781581092
0.07250816993464053
0.07265656979124027
0.07283545342634387
0.07246971874358447
0.07185382878259085
0.07147258163894023
0.07252927881651941
0.07317574511819117
0.07341147439851943
0.07229660144181256
0.07213520197856554
0.07164980384059468
0.0714580751755473
0.07138423339540657
0.07139900662251655
0.07119205298013245
0.07077814569536424
0.07139900662251655
0.07086614173228346
0.07107335267302113
0.07027363184079602
0.07027363184079602
0.07070288202363674
0.07070288202363674
0.07028820236367406
0.07070288202363674
0.07028820236367406
0.07055405685826935
0.07096908072214152
0.07076156879020544
0.06993152106246109
0.07034654492633327
0.07055405685826935
0.07055405685826935
0.07055405685826935
0.07055405685826935
0.07055405685826935
0.07096908072214152
0.07076156879020544
0.07055405685826935
0.07055405685826935
0.07034654492633327
0.07055405685826935
0.07096908072214152
0.07034654492633327
0.07055405685826935
0.07055405685826935
0.07055405685826935
0.07055405685826935
0.07034654492633327
0.07076156879020544
0.07013903299439718
0.07013903299439718
0.07055405685826935
0.07034654492633327
0.07076156879020544
0.07034654492633327
0.07034654492633327
0.07034654492633327
0.07013903299439718
0.07055405685826935
0.07034654492633327
0.07055405685826935
0.07034654492633327
0.07034654492633327
0.07034654492633327
0.07034654492633327
0.07055405685826935
0.07034654492633327
0.07055405685826935
0.07076156879020544
0.07034654492633327
0.07096908072214152
0.07034654492633327
0.07034654492633327
0.07034654492633327
0.07055405685826935
0.07034654492633327
0.07055405685826935
0.07076156879020544
0.07034654492633327
0.07055405685826935
0.07013903299439718
0.07034654492633327
0.07076156879020544
0.07055405685826935
0.07055405685826935
0.07096908072214152
0.07055405685826935
0.07013903299439718
0.07076156879020544
0.07013903299439718
0.07055405685826935
0.07013903299439718
0.07055405685826935
0.07013903299439718
0.07034654492633327
0.07034654492633327
0.07055405685826935
0.07055405685826935
0.07055405685826935
0.07034654492633327
0.07055405685826935
0.07076156879020544
0.07034654492633327
0.07055405685826935
0.07076156879020544
0.07034654492633327
0.07013903299439718
0.06993152106246109
0.07013903299439718
0.07076156879020544
0.07034654492633327
0.07055405685826935
0.07013903299439718
0.07013903299439718
0.07096908072214152
0.07076156879020544
0.07055405685826935
0.07034654492633327
0.07013903299439718
0.07034654492633327
0.07034654492633327
0.07013903299439718
0.07034654492633327
0.07034654492633327
0.07013903299439718
0.07076156879020544
0.07055405685826935
0.07055405685826935
0.06993152106246109
0.06993152106246109
0.07013903299439718
0.07013903299439718
0.07013903299439718
0.07055405685826935
0.07076156879020544
0.07034654492633327
0.07076156879020544
0.07076156879020544
0.07034654492633327
0.07013903299439718
0.07076156879020544
0.07076156879020544
0.07055405685826935
0.07096908072214152
0.07034654492633327
0.07076156879020544
0.07076156879020544
0.07055405685826935
0.07034654492633327
0.07096908072214152
0.07076156879020544
0.07034654492633327
0.07076156879020544
0.07013903299439718
0.07055405685826935
0.07034654492633327
0.07055405685826935
0.07034654492633327
0.07055405685826935
0.06993152106246109
0.07013903299439718
0.07034654492633327
0.07055405685826935
0.07055405685826935
0.07034654492633327
0.07013903299439718
0.07034654492633327
0.07013903299439718
0.07055405685826935
0.07055405685826935
0.07034654492633327
0.07076156879020544
0.07055405685826935
0.07013903299439718
0.07076156879020544
0.07034654492633327
0.07034654492633327
0.07034654492633327
0.07055405685826935
0.07055405685826935
0.07013903299439718
0.07055405685826935
0.07034654492633327
0.06993152106246109
0.07034654492633327
0.07076156879020544
0.07055405685826935
0.07096908072214152
0.07034654492633327
0.06993152106246109
0.07034654492633327
0.07034654492633327
0.07013903299439718
0.07013903299439718
0.07034654492633327
0.07055405685826935
0.07076156879020544
0.07055405685826935
0.07034654492633327
0.07034654492633327
0.07076156879020544
0.07055405685826935
0.06993152106246109
0.07034654492633327
0.07034654492633327
0.07055405685826935
0.07013903299439718
0.06993152106246109
0.07034654492633327
0.07055405685826935
0.07055405685826935
0.07034654492633327
0.07034654492633327
0.07076156879020544
0.07034654492633327
0.07076156879020544
0.07013903299439718
0.07034654492633327
0.07034654492633327
0.07076156879020544
0.07034654492633327
0.07034654492633327
0.07076156879020544
0.07034654492633327
0.07096908072214152
0.07034654492633327
0.07034654492633327
0.07034654492633327
0.07055405685826935
0.07055405685826935
0.07076156879020544
0.07055405685826935
0.07055405685826935
0.07034654492633327
0.07055405685826935
0.07055405685826935
0.07055405685826935
0.06993152106246109
0.07055405685826935
0.07013903299439718
0.07034654492633327
0.07034654492633327
0.07034654492633327
0.07055405685826935
0.07055405685826935
0.07013903299439718
0.07096908072214152
0.07096908072214152
0.07034654492633327
0.07055405685826935
0.07076156879020544
0.07055405685826935
0.07034654492633327
0.07076156879020544
0.06993152106246109
0.07076156879020544
0.07055405685826935
0.07034654492633327
0.07076156879020544
0.07076156879020544
0.07076156879020544
0.07076156879020544
0.07055405685826935
0.07076156879020544
0.07034654492633327
0.07034654492633327
0.07034654492633327
0.07034654492633327
0.07034654492633327
0.07076156879020544
0.07013903299439718
0.07013903299439718
0.07076156879020544
0.07034654492633327
0.07034654492633327
0.07076156879020544
0.07096908072214152
0.07055405685826935
0.07055405685826935
0.07055405685826935
0.07013903299439718
0.07076156879020544
0.07055405685826935
0.07076156879020544
0.07076156879020544
0.07034654492633327
0.07034654492633327
0.07034654492633327
0.07076156879020544
0.07076156879020544
0.07034654492633327
0.07034654492633327
0.07034654492633327
0.07034654492633327
0.07055405685826935
0.07055405685826935
0.07055405685826935
0.07034654492633327
0.07076156879020544
0.07055405685826935
0.07076156879020544
0.07034654492633327
0.06993152106246109
0.07055405685826935
0.07055405685826935
0.07055405685826935
0.07034654492633327
0.07055405685826935
0.07055405685826935
0.07034654492633327
0.07013903299439718
0.07013903299439718
0.07034654492633327
0.07055405685826935
0.07076156879020544
0.07034654492633327
0.07055405685826935
0.07013903299439718
0.07076156879020544
0.07034654492633327
0.07055405685826935
0.07055405685826935
0.07076156879020544
0.07055405685826935
0.07055405685826935
0.07076156879020544
0.07034654492633327
0.07034654492633327
0.07055405685826935
0.07034654492633327
0.07034654492633327
0.07055405685826935
0.07055405685826935
0.07096908072214152
0.07055405685826935
0.07055405685826935
0.07034654492633327
0.07034654492633327
0.07034654492633327
0.07055405685826935
0.07034654492633327
0.07013903299439718
0.07013903299439718
0.07034654492633327
0.07076156879020544
0.07055405685826935
0.07013903299439718
0.07034654492633327
0.07034654492633327
0.07034654492633327
0.07034654492633327
0.07076156879020544
0.07055405685826935
0.07055405685826935
0.07034654492633327
0.07055405685826935
0.07055405685826935
0.07013903299439718
0.07034654492633327
0.07096908072214152
0.07076156879020544
0.07055405685826935
0.07076156879020544
0.07076156879020544
0.07055405685826935
0.07055405685826935
0.06993152106246109
0.07076156879020544
0.07013903299439718
0.07076156879020544
0.07055405685826935
0.07055405685826935
0.07034654492633327
0.07055405685826935
0.07055405685826935
0.07013903299439718
0.07055405685826935
0.07055405685826935
0.07034654492633327
0.07076156879020544
0.07055405685826935
0.07055405685826935
0.07013903299439718
0.07034654492633327
0.07076156879020544
0.07055405685826935
0.07055405685826935
0.07034654492633327
0.07034654492633327
0.07076156879020544
0.07055405685826935
0.07034654492633327
0.07034654492633327
0.07034654492633327
0.07055405685826935
0.07034654492633327
0.07034654492633327
0.07055405685826935
0.07034654492633327
0.07034654492633327
0.07034654492633327
0.07034654492633327
0.07055405685826935
0.07034654492633327
0.07076156879020544
0.07076156879020544
0.07076156879020544
0.07034654492633327
0.07013903299439718
0.07055405685826935
0.07055405685826935
0.07034654492633327
0.06993152106246109
0.07013903299439718
0.07013903299439718
0.07076156879020544
0.07055405685826935
0.07055405685826935
0.07055405685826935
0.07034654492633327
0.07013903299439718
0.07034654492633327
0.07034654492633327
0.07034654492633327
0.07055405685826935
0.07034654492633327
0.07055405685826935
0.07055405685826935
0.07055405685826935
0.07055405685826935
0.07055405685826935
0.07034654492633327
0.07076156879020544
0.07055405685826935
0.07076156879020544
0.07034654492633327
0.07013903299439718
0.07076156879020544
0.07096908072214152
0.07055405685826935
0.07055405685826935
0.07034654492633327
0.07034654492633327
0.07055405685826935
0.07013903299439718
0.07076156879020544
0.07013903299439718
0.07055405685826935
0.07034654492633327
0.07034654492633327
0.07013903299439718
0.07013903299439718
0.07055405685826935
0.06993152106246109
0.07055405685826935
0.07034654492633327
0.07055405685826935
0.07055405685826935
0.07034654492633327
0.07034654492633327
0.07076156879020544
0.07076156879020544
0.07055405685826935
0.07034654492633327
0.07055405685826935
0.07034654492633327
0.07034654492633327
0.07013903299439718
0.07034654492633327
0.07076156879020544
0.07034654492633327
0.07013903299439718
0.07013903299439718
0.07055405685826935
0.07034654492633327
0.07034654492633327
0.07055405685826935
0.07034654492633327
0.07076156879020544
0.07034654492633327
0.07055405685826935
0.07055405685826935
0.07034654492633327
0.07055405685826935
0.07076156879020544
0.07055405685826935
0.07055405685826935
0.07034654492633327
0.07076156879020544
0.07055405685826935
0.07034654492633327
0.07034654492633327
0.07055405685826935
0.07034654492633327
0.07034654492633327
0.07034654492633327
0.07096908072214152
0.07034654492633327
0.07034654492633327
0.07034654492633327
0.07055405685826935
0.07034654492633327
0.07076156879020544
0.07055405685826935
0.07034654492633327
0.07034654492633327
0.07013903299439718
0.07055405685826935
0.07055405685826935
0.07055405685826935
0.07055405685826935
0.06993152106246109
0.07034654492633327
0.07034654492633327
0.07034654492633327
0.07055405685826935
0.07034654492633327
0.07034654492633327
0.07034654492633327
0.07055405685826935
0.07055405685826935
0.07076156879020544
0.07034654492633327
0.07013903299439718
0.07055405685826935
0.07096908072214152
0.07076156879020544
0.07055405685826935
0.07034654492633327
0.07013903299439718
0.07034654492633327
0.07076156879020544
0.07013903299439718
0.07055405685826935
0.07076156879020544
0.07076156879020544
0.07055405685826935
0.07034654492633327
0.07076156879020544
0.07055405685826935
0.07034654492633327
0.07034654492633327
0.07013903299439718
0.07076156879020544
0.07034654492633327
0.07055405685826935
0.07013903299439718
0.07076156879020544
0.07034654492633327
0.07055405685826935
0.07055405685826935
0.07034654492633327
0.07055405685826935
0.07055405685826935
0.07055405685826935
0.07034654492633327
0.07013903299439718
0.07034654492633327
0.07034654492633327
0.07034654492633327
0.07076156879020544
0.07034654492633327
0.07055405685826935
0.07055405685826935
0.07076156879020544
0.07034654492633327
0.06993152106246109
0.07013903299439718
0.07055405685826935
0.07076156879020544
0.07055405685826935
0.07055405685826935
0.07013903299439718
0.07034654492633327
0.07055405685826935
0.07076156879020544
0.07076156879020544
0.07034654492633327
0.07055405685826935
0.07034654492633327
0.07076156879020544
0.07034654492633327
0.07076156879020544
0.07055405685826935
0.07076156879020544
0.07034654492633327
0.07034654492633327
0.07076156879020544
0.07055405685826935
0.07034654492633327
0.07055405685826935
0.07076156879020544
0.07055405685826935
0.07034654492633327
0.07096908072214152
0.07055405685826935
0.07055405685826935
0.07013903299439718
0.07055405685826935
0.07034654492633327
0.07076156879020544
0.07055405685826935
0.07055405685826935
0.07055405685826935
0.07055405685826935
0.07034654492633327
0.07076156879020544
0.07055405685826935
0.07055405685826935
0.07055405685826935
0.07055405685826935
0.07055405685826935
0.07055405685826935
0.07055405685826935
0.07013903299439718
0.07055405685826935
0.07076156879020544
0.07034654492633327
0.07076156879020544
0.07034654492633327
0.07076156879020544
0.06993152106246109
0.07055405685826935
0.07076156879020544
0.07034654492633327
0.07013903299439718
0.06993152106246109
0.07034654492633327
0.07096908072214152
0.07013903299439718
0.07076156879020544
0.07055405685826935
0.07013903299439718
0.07034654492633327
0.07013903299439718
0.07013903299439718
0.07055405685826935
0.07034654492633327
0.07013903299439718
0.07055405685826935
0.07055405685826935
0.07096908072214152
0.07034654492633327
0.07013903299439718
0.07034654492633327
0.07055405685826935
0.06993152106246109
0.07013903299439718
0.07055405685826935
0.07076156879020544
0.07076156879020544
0.07055405685826935
0.07013903299439718
0.07034654492633327
0.07013903299439718
0.07013903299439718
0.07096908072214152
0.07013903299439718
0.06993152106246109
0.07034654492633327
0.07076156879020544
0.07034654492633327
0.07076156879020544
0.07076156879020544
0.07013903299439718
0.07034654492633327
0.07013903299439718
0.07013903299439718
0.07076156879020544
0.07034654492633327
0.06993152106246109
0.07034654492633327
0.07034654492633327
0.07034654492633327
0.07055405685826935
0.07076156879020544
0.07055405685826935
0.07055405685826935
0.07013903299439718
0.07055405685826935
0.07013903299439718
0.07034654492633327
0.07076156879020544
0.07076156879020544
0.07034654492633327
0.07055405685826935
0.07034654492633327
0.07055405685826935
0.07055405685826935
0.07034654492633327
0.07055405685826935
0.07076156879020544
0.07076156879020544
0.07076156879020544
0.07076156879020544
0.07013903299439718
0.07034654492633327
0.07013903299439718
0.07055405685826935
0.07034654492633327
0.07034654492633327
0.07055405685826935
0.07055405685826935
0.07055405685826935
0.07013903299439718
0.07096908072214152
0.07055405685826935
0.07076156879020544
0.07013903299439718
0.07055405685826935
0.07055405685826935
0.07076156879020544
0.07055405685826935
0.07034654492633327
0.07034654492633327
0.07055405685826935
0.07034654492633327
0.07013903299439718
0.06993152106246109
0.07013903299439718
0.07034654492633327
0.07055405685826935
0.07076156879020544
0.07055405685826935
0.07034654492633327
0.06993152106246109
0.07034654492633327
0.07055405685826935
0.07055405685826935
0.07055405685826935
0.07055405685826935
0.07034654492633327
0.07076156879020544
0.07055405685826935
0.07076156879020544
0.07013903299439718
0.07034654492633327
0.07034654492633327
0.07055405685826935
0.07055405685826935
0.07055405685826935
0.07096908072214152
0.07055405685826935
0.07034654492633327
0.07034654492633327
0.07055405685826935
0.06993152106246109
0.07034654492633327
0.07034654492633327
0.07013903299439718
0.07055405685826935
0.07076156879020544
0.07034654492633327
0.07055405685826935
0.07013903299439718
0.07055405685826935
0.07013903299439718
0.07055405685826935
0.07034654492633327
0.07076156879020544
0.06993152106246109
0.07034654492633327
0.07076156879020544
0.07034654492633327
0.07034654492633327
0.07034654492633327
0.07034654492633327
0.07076156879020544
0.07034654492633327
0.07076156879020544
0.07013903299439718
0.07013903299439718
0.07096908072214152
0.07055405685826935
0.07076156879020544
0.07055405685826935
0.07034654492633327
0.07076156879020544
0.07076156879020544
0.07076156879020544
0.07076156879020544
0.06993152106246109
0.07034654492633327
0.07055405685826935
0.07055405685826935
0.07013903299439718
0.07055405685826935
0.07034654492633327
0.07034654492633327
0.07076156879020544
0.07013903299439718
0.07013903299439718
0.07013903299439718
0.07013903299439718
0.07076156879020544
0.07034654492633327
0.07034654492633327
0.07013903299439718
0.07055405685826935
0.07034654492633327
0.07076156879020544
0.07055405685826935
0.07013903299439718
0.07034654492633327
0.07013903299439718
0.07055405685826935
0.07034654492633327
0.07034654492633327
0.07076156879020544
0.07055405685826935
0.07055405685826935
0.07013903299439718
0.07076156879020544
0.07034654492633327
0.07055405685826935
0.07055405685826935
0.07055405685826935
0.07076156879020544
0.07034654492633327
0.07034654492633327
0.07076156879020544
0.07055405685826935
0.07013903299439718
0.07055405685826935
0.07055405685826935
0.07055405685826935
0.07034654492633327
0.06993152106246109
0.07034654492633327
0.07034654492633327
0.07076156879020544
0.07034654492633327
0.07055405685826935
0.07076156879020544
0.07055405685826935
0.07055405685826935
0.07096908072214152
0.07034654492633327
0.07013903299439718
0.07076156879020544
0.07034654492633327
0.07076156879020544
0.07055405685826935
0.07055405685826935
0.07034654492633327
0.07034654492633327
0.07013903299439718
0.07034654492633327
0.07013903299439718
0.07076156879020544
0.07013903299439718
0.07076156879020544
0.07013903299439718
0.07055405685826935
0.07055405685826935
0.07034654492633327
0.07076156879020544
0.07013903299439718
0.07055405685826935
0.07055405685826935
0.07034654492633327
0.07096908072214152
0.07055405685826935
0.07076156879020544
0.07034654492633327
0.07013903299439718
0.07034654492633327
0.07055405685826935
0.07055405685826935
0.07055405685826935
0.07013903299439718
0.07076156879020544
0.07013903299439718
0.07013903299439718
0.07034654492633327
0.07055405685826935
0.07096908072214152
0.07055405685826935
0.07034654492633327
0.07055405685826935
0.07013903299439718
0.07055405685826935
0.07055405685826935
0.07055405685826935
0.07076156879020544
0.07013903299439718
0.07076156879020544
0.07055405685826935
0.07013903299439718
0.07034654492633327
0.07013903299439718
0.07055405685826935
0.07055405685826935
0.07034654492633327
0.07034654492633327
0.07076156879020544
0.07055405685826935
0.07055405685826935
0.07055405685826935
0.07096908072214152
0.07013903299439718
0.07034654492633327
0.07034654492633327
0.07055405685826935
0.07055405685826935
0.07055405685826935
0.07034654492633327
0.07055405685826935
0.07013903299439718
0.07076156879020544
0.07055405685826935
0.07013903299439718
0.07034654492633327
0.07076156879020544
0.07034654492633327
0.07055405685826935
0.07013903299439718
0.07013903299439718
0.07034654492633327
0.07034654492633327
0.07034654492633327
0.07034654492633327
0.07076156879020544
0.07034654492633327
0.07076156879020544
0.07034654492633327
0.07076156879020544
0.07034654492633327
0.07034654492633327
0.07096908072214152
0.07055405685826935
0.07034654492633327
0.07034654492633327
0.07055405685826935
0.07076156879020544
0.07055405685826935
0.07034654492633327
0.07034654492633327
0.07034654492633327
0.07055405685826935
0.07055405685826935
0.07034654492633327
0.07034654492633327
0.07013903299439718
0.07034654492633327
0.07076156879020544
0.07055405685826935
0.07076156879020544
0.07034654492633327
0.06993152106246109
0.07076156879020544
0.07055405685826935
0.07055405685826935
0.07034654492633327
0.07055405685826935
0.07034654492633327
0.07034654492633327
0.07013903299439718
0.07034654492633327
0.07034654492633327
0.07055405685826935
0.07034654492633327
0.07055405685826935
0.07055405685826935
0.07034654492633327
0.07055405685826935
0.07055405685826935
0.07055405685826935
0.07034654492633327
0.07055405685826935
0.07055405685826935
0.07076156879020544
0.07076156879020544
0.07034654492633327
0.07013903299439718
0.07034654492633327
0.07055405685826935
0.07013903299439718
0.07055405685826935
0.07034654492633327
0.07076156879020544
0.07055405685826935
0.07055405685826935
0.07034654492633327
0.06993152106246109
0.07034654492633327
0.07055405685826935
0.07034654492633327
0.07055405685826935
0.07055405685826935
0.07034654492633327
0.07034654492633327
0.07034654492633327
0.07055405685826935
0.07055405685826935
0.07055405685826935
0.07055405685826935
0.07055405685826935
0.07076156879020544
0.07034654492633327
0.07013903299439718
0.07034654492633327
0.07034654492633327
0.07055405685826935
0.07055405685826935
0.07034654492633327
0.07034654492633327
0.07055405685826935
0.07034654492633327
0.07034654492633327
0.07076156879020544
0.07055405685826935
0.07013903299439718
0.07013903299439718
0.07055405685826935
0.07055405685826935
0.07013903299439718
0.07034654492633327
0.07013903299439718
0.07096908072214152
0.07055405685826935
0.06993152106246109
0.07055405685826935
0.07034654492633327
0.07013903299439718
