39995.6
39991.4
39991.4
39991.4
39987.0
39978.2
39978.2
39969.8
39953.0
39948.6
39927.399999999994
39935.399999999994
39940.4
39914.2
39887.1
39861.7
39844.2
39828.7
39759.70000000001
39716.700000000004
39683.000000000015
39619.60000000001
39607.20000000001
39583.80000000003
39541.50000000003
39495.000000000015
39447.200000000026
39363.60000000003
39315.30000000003
39248.50000000002
39239.70000000003
39205.00000000003
39144.900000000045
39097.000000000044
39054.800000000025
38982.500000000044
38881.99999999999
38815.40000000001
38689.200000000026
38643.50000000003
38513.70000000003
38435.30000000002
38401.30000000002
38295.59999999999
38190.40000000002
38118.200000000026
37965.60000000002
37841.200000000026
37698.700000000055
37519.50000000006
37400.60000000005
37332.20000000004
37252.800000000076
37149.60000000005
37012.90000000004
36887.80000000003
36688.80000000002
36549.30000000002
36438.30000000004
36314.000000000044
36150.30000000004
36058.80000000006
35869.500000000044
35737.30000000006
35575.10000000008
35407.50000000007
35263.30000000005
35073.0000000001
34871.5000000001
34723.600000000064
34613.80000000006
34470.90000000005
34283.90000000004
34040.000000000044
33914.500000000044
33771.50000000003
33577.399999999994
33314.000000000015
33087.30000000005
32955.3
32718.699999999993
32508.399999999994
32325.900000000016
32083.499999999996
31916.199999999983
31662.799999999992
31439.000000000007
31244.100000000002
31043.00000000003
30753.600000000042
30574.599999999973
30301.199999999968
30110.099999999962
29814.89999999999
29525.29999999999
29316.19999999995
29089.499999999945
28815.699999999946
28645.59999999995
28313.599999999944
28038.999999999967
27787.499999999956
27497.699999999866
27193.699999999903
26959.199999999906
26675.599999999922
26378.399999999867
26039.89999999987
25597.899999999834
25426.599999999897
25083.19999999987
24772.19999999989
24368.799999999846
24061.899999999816
23760.99999999987
23333.799999999806
23024.699999999804
22724.699999999822
22342.399999999783
22043.89999999978
21609.699999999786
21252.599999999788
20978.999999999764
20696.799999999803
20241.699999999797
19860.199999999753
19515.599999999722
19225.799999999737
18827.499999999724
18439.799999999723
18124.199999999742
17753.89999999975
17366.99999999968
17103.599999999715
16843.699999999673
16397.09999999967
16000.299999999692
15726.099999999682
15495.599999999706
15174.799999999717
14831.399999999721
14486.599999999702
14218.39999999973
14009.999999999767
13771.999999999749
13445.29999999976
13327.799999999768
13028.09999999981
12721.999999999804
12516.399999999809
12208.199999999815
12089.999999999822
11754.699999999813
11533.199999999815
11370.799999999803
11152.999999999816
10901.499999999824
10735.899999999832
10562.499999999825
10399.099999999842
10243.499999999847
10137.599999999855
9950.199999999844
9741.399999999863
9597.49999999988
9433.499999999884
9235.29999999989
9125.699999999897
8950.799999999912
8830.199999999924
8635.799999999928
8559.699999999919
8497.899999999938
8362.59999999993
8217.89999999994
8149.999999999943
8077.799999999948
8021.9999999999545
7892.59999999995
7792.99999999996
7688.599999999963
7610.9999999999645
7516.9999999999645
7460.499999999965
7405.199999999966
7363.6999999999625
7297.599999999969
7294.999999999967
7222.699999999967
7193.4999999999745
7198.599999999971
7160.599999999975
7104.199999999979
7059.499999999975
7037.799999999979
7006.099999999975
6948.999999999974
6919.799999999975
6877.199999999976
6873.29999999998
6861.199999999978
6833.399999999982
6798.49999999998
6761.899999999985
6733.899999999988
6757.2999999999865
6738.89999999999
6725.899999999985
6700.899999999989
6694.799999999987
6658.299999999991
6661.599999999988
6645.499999999993
6639.7999999999965
6634.499999999993
6630.299999999994
6657.199999999994
6636.299999999992
6633.299999999994
6625.499999999995
6616.199999999993
6622.099999999996
6582.899999999995
6596.199999999995
6604.999999999994
6588.999999999995
6567.199999999996
6590.099999999994
6596.299999999996
6591.399999999994
6563.399999999995
6565.799999999995
6587.399999999996
6578.599999999995
6581.399999999994
6563.7999999999965
6568.899999999996
6586.899999999995
6579.899999999995
6578.699999999994
6559.299999999995
6589.899999999994
6576.999999999995
6591.6999999999925
6592.9999999999945
6568.7999999999965
6564.399999999996
6576.4999999999945
6565.499999999994
6570.299999999994
6587.699999999994
6573.199999999995
6559.999999999995
6583.999999999993
6590.799999999995
6581.299999999994
6583.999999999994
6583.099999999994
6577.599999999994
6583.099999999995
6576.499999999994
6571.899999999994
6572.299999999995
6558.499999999996
6590.399999999996
6587.499999999995
6566.399999999996
6570.099999999995
6566.399999999994
6567.499999999998
6583.9999999999945
6589.299999999995
6579.799999999995
6576.299999999996
6580.899999999995
6596.099999999993
6580.699999999996
6575.199999999995
6578.4999999999945
6579.799999999996
6570.799999999996
6552.299999999996
6581.099999999994
6590.599999999994
6580.199999999994
6577.399999999994
6572.9999999999945
6572.999999999996
6578.699999999995
6578.4999999999945
6575.399999999994
6568.9999999999945
6564.199999999994
6591.899999999995
6572.799999999996
6587.299999999995
6577.799999999995
6578.699999999996
6602.899999999994
6561.4999999999945
6574.299999999996
6583.799999999995
6570.099999999995
6577.199999999996
6569.899999999995
6587.099999999996
6572.099999999995
6583.799999999995
6577.399999999994
6581.799999999995
6581.9999999999945
6575.399999999994
6580.899999999995
6587.299999999995
6573.199999999997
6568.999999999995
6577.399999999996
6585.299999999994
6600.899999999992
6586.199999999996
6566.199999999997
6594.599999999995
6589.299999999996
6592.099999999993
6581.799999999996
6576.4999999999945
6602.4999999999945
6588.199999999995
6575.799999999994
6567.899999999996
6583.099999999994
6581.799999999995
6583.799999999996
6579.599999999995
6578.499999999995
6599.199999999995
6594.9999999999945
6586.199999999995
6571.699999999995
6588.799999999993
6592.9999999999945
6591.899999999995
6597.899999999995
6602.299999999995
6603.599999999993
6579.399999999997
6613.499999999994
6592.999999999994
6593.199999999994
6600.4999999999945
6599.799999999992
6578.899999999994
6598.299999999993
6596.9999999999945
6585.499999999994
6586.599999999994
6586.399999999992
6596.6999999999925
6590.599999999994
6589.899999999993
6598.699999999992
6609.499999999992
6593.899999999994
6604.399999999991
6597.599999999996
6592.799999999996
6581.099999999994
6607.999999999992
6599.599999999994
6600.499999999994
6595.1999999999925
6611.499999999994
6609.499999999993
6608.899999999994
6602.499999999994
6594.9999999999945
6603.999999999993
6607.29999999999
6609.299999999994
6602.499999999994
6597.199999999993
6589.299999999993
6599.599999999996
6610.599999999993
6580.699999999995
6586.599999999995
6600.6999999999925
6593.699999999996
6605.299999999994
6605.9999999999945
6604.899999999993
6611.499999999993
6603.999999999993
6600.699999999995
6616.799999999993
6606.199999999994
6593.899999999993
6611.099999999994
6598.299999999995
6610.799999999992
6603.9999999999945
6602.1999999999925
6615.899999999992
6606.699999999994
6612.599999999992
6600.499999999994
6611.299999999995
6611.299999999994
6602.699999999994
6597.399999999994
6606.3999999999905
6607.299999999991
6604.899999999992
6597.199999999993
6601.999999999993
6601.799999999992
6602.299999999995
6603.799999999993
6619.1999999999925
6607.299999999992
6603.599999999994
6608.899999999995
6609.299999999992
6595.199999999995
6601.799999999994
6599.399999999991
6605.999999999994
6584.399999999992
6594.999999999992
6593.199999999994
6612.399999999992
6605.999999999994
6598.299999999995
6601.999999999992
6599.399999999993
6605.999999999994
6608.599999999991
6603.799999999994
6586.799999999993
6590.599999999996
6608.199999999994
6608.1999999999925
6611.6999999999925
6610.599999999993
6599.799999999993
6600.699999999994
6611.699999999993
6596.099999999993
6603.999999999994
6590.799999999994
6596.299999999993
6625.399999999994
6601.799999999995
6613.499999999993
6607.099999999993
6604.899999999992
6612.599999999996
6591.899999999996
6599.599999999993
6606.899999999994
6605.499999999992
6609.899999999993
6609.299999999993
6595.199999999993
6600.899999999995
6606.199999999993
6602.699999999992
6600.899999999993
6605.599999999993
6604.199999999993
6609.499999999994
6604.899999999994
6606.399999999992
6597.599999999992
6610.799999999992
6605.299999999992
6610.599999999993
6596.499999999992
6604.899999999993
6598.299999999995
6601.599999999993
6598.299999999993
6604.899999999992
6605.299999999992
6613.499999999994
6611.299999999991
6600.899999999993
6602.699999999995
6596.099999999993
6597.599999999992
6593.399999999991
6584.199999999995
6602.899999999993
6602.899999999991
6602.499999999994
6598.699999999994
6598.499999999993
6599.799999999992
6605.299999999991
6604.899999999993
6604.899999999992
6597.199999999993
6603.099999999993
6599.799999999994
6599.399999999992
6604.899999999993
6601.599999999992
6605.999999999994
6609.499999999994
6600.699999999993
6590.799999999993
6608.199999999992
6595.399999999993
6595.199999999992
6597.599999999994
6603.799999999994
6614.399999999994
6592.999999999992
6601.799999999994
6597.399999999995
6598.299999999993
6599.599999999992
6588.599999999993
6608.199999999992
6621.199999999994
6600.299999999994
6616.999999999991
6600.6999999999925
6598.699999999994
6616.999999999994
6599.599999999993
6602.499999999994
6614.099999999993
6601.599999999993
6595.1999999999925
6612.799999999993
6600.899999999992
6607.299999999994
6602.899999999993
6598.699999999993
6598.299999999995
6607.099999999994
6618.299999999994
6623.599999999993
6604.899999999994
6618.299999999994
6602.899999999995
6604.399999999991
6601.799999999996
6600.699999999994
6601.599999999995
6611.499999999994
6602.6999999999925
6597.399999999994
6607.099999999993
6612.399999999994
6607.999999999993
6598.299999999994
6595.399999999994
6595.1999999999925
6601.399999999993
6611.499999999993
6618.099999999992
6597.199999999994
6612.599999999994
6603.099999999993
6605.099999999994
6597.399999999994
6609.299999999995
6588.599999999995
6612.799999999993
6606.899999999992
6610.399999999993
6597.799999999992
6603.099999999993
6596.299999999993
6601.999999999994
6596.4999999999945
6598.499999999994
6600.699999999993
6608.899999999993
6604.199999999993
6606.899999999994
6608.599999999993
6606.199999999992
6598.499999999993
6613.699999999994
6609.499999999994
6609.499999999994
6612.399999999994
6595.199999999994
6605.099999999991
6614.799999999994
6597.599999999993
6614.999999999994
6605.099999999994
6607.999999999993
6598.299999999994
6596.499999999991
6592.999999999994
6599.599999999993
6591.699999999993
6604.899999999993
6605.299999999991
6598.499999999994
6599.399999999994
6599.399999999993
6610.399999999994
6606.1999999999925
6607.099999999994
6610.399999999994
6613.899999999995
6610.399999999992
6610.399999999992
6594.9999999999945
6600.4999999999945
6596.299999999994
6602.6999999999925
6592.099999999993
6603.099999999992
6596.499999999992
6599.399999999995
6601.399999999993
6595.199999999994
6609.499999999994
6597.199999999993
6594.599999999995
6618.9999999999945
6616.799999999993
6588.799999999993
6597.399999999991
6602.899999999993
6603.9999999999945
6607.099999999992
6609.099999999994
6602.699999999994
6604.899999999994
6611.4999999999945
6611.6999999999925
6602.699999999996
6596.299999999996
6605.099999999993
6602.899999999993
6599.599999999993
6600.699999999994
6605.9999999999945
6593.199999999992
6602.899999999991
6605.299999999993
6600.499999999993
6610.1999999999925
6599.799999999993
6599.999999999994
6590.799999999994
6602.899999999993
6603.799999999994
6604.899999999993
6605.099999999993
6614.599999999992
6594.299999999994
6603.599999999995
6595.1999999999925
6610.399999999993
6596.099999999993
6592.599999999994
6596.9999999999945
6606.1999999999925
6612.199999999994
6610.599999999993
6604.899999999993
6596.299999999994
6594.099999999993
6602.699999999995
6605.999999999993
6601.999999999992
6594.299999999994
6600.699999999994
6616.999999999993
6605.099999999994
6600.499999999996
6605.999999999993
6605.799999999995
6603.799999999993
6604.199999999996
6597.199999999993
6602.4999999999945
6601.399999999993
6612.799999999993
6597.199999999993
6602.699999999993
6613.899999999993
6599.399999999993
6588.799999999993
6599.399999999996
6610.599999999993
6602.899999999993
6603.799999999996
6607.299999999994
6601.999999999992
6606.199999999993
6599.599999999993
6598.299999999994
6603.099999999993
6609.499999999993
6607.099999999992
6608.1999999999925
6612.799999999993
6614.799999999992
6594.999999999994
6610.399999999994
6595.599999999992
6597.199999999996
6603.799999999995
6611.499999999994
6605.099999999993
6604.899999999994
6605.299999999993
6596.299999999996
6620.299999999992
6609.299999999993
6601.399999999995
6610.599999999993
6610.599999999992
6597.399999999993
6612.799999999992
6614.399999999993
6597.199999999994
6598.299999999996
6614.799999999995
6609.499999999994
6609.299999999995
6608.1999999999925
6608.199999999993
6601.799999999993
6603.999999999994
6600.899999999991
6598.299999999993
6605.799999999995
6612.799999999993
6594.499999999994
6594.299999999993
6598.499999999994
6600.4999999999945
6612.399999999995
6604.899999999994
6598.699999999992
6614.599999999993
6610.599999999992
6607.499999999993
6592.099999999994
6597.399999999992
6601.599999999991
6607.499999999993
6617.199999999993
6604.899999999993
6609.299999999994
6595.899999999995
6609.699999999992
6601.599999999995
6594.099999999995
6617.899999999993
6592.099999999992
6610.399999999993
6603.999999999993
6607.299999999994
6608.1999999999925
6596.299999999996
6601.799999999995
6596.299999999994
6605.999999999994
6609.099999999993
6601.599999999995
6592.799999999994
6614.799999999994
6605.299999999991
6598.299999999993
6595.199999999996
6600.6999999999925
6601.999999999994
6604.899999999993
6604.499999999993
6596.999999999995
6599.599999999992
6597.599999999994
6606.1999999999925
6600.699999999994
6609.099999999992
6611.4999999999945
6598.499999999994
6601.999999999993
6605.299999999993
6622.499999999993
6592.999999999994
6600.499999999993
6595.399999999993
6604.899999999992
6594.299999999993
6608.399999999994
6607.499999999992
6605.999999999994
6605.999999999994
6601.999999999993
6596.299999999994
6612.599999999992
6587.4999999999945
6596.499999999993
6611.699999999993
6600.499999999992
6588.9999999999945
6596.299999999995
6612.799999999994
6605.799999999995
6599.599999999993
6598.299999999993
6596.499999999992
6597.399999999994
6601.799999999993
6599.599999999992
6599.599999999991
6611.499999999994
6597.599999999994
6614.9999999999945
6612.799999999993
6598.499999999994
6596.299999999995
6602.899999999994
6596.299999999994
6601.799999999992
6620.099999999995
6607.299999999993
6604.199999999993
6597.199999999993
6594.299999999993
6604.899999999991
6608.599999999993
6590.199999999993
6599.599999999996
6600.899999999995
6601.599999999993
6611.299999999995
6609.999999999994
6596.099999999994
6601.099999999992
6606.899999999993
6600.899999999994
6605.099999999995
6610.1999999999925
6600.499999999994
6604.699999999993
6611.299999999993
6603.999999999993
6587.299999999995
6612.399999999993
6608.399999999993
6602.899999999994
6593.399999999992
6600.4999999999945
6602.4999999999945
6604.899999999992
6610.599999999993
6626.4999999999945
6601.399999999993
6603.999999999993
6594.299999999994
6609.699999999992
6597.399999999994
6606.899999999994
6605.999999999993
6609.099999999993
6610.199999999994
6597.799999999992
6600.299999999993
6617.699999999994
6593.899999999995
6596.499999999993
6597.1999999999925
6589.899999999992
6595.399999999991
6613.4999999999945
6613.699999999993
6612.399999999993
6612.399999999994
6600.899999999992
6601.599999999993
6612.199999999995
6604.899999999993
6600.499999999994
6602.6999999999925
6607.299999999993
6612.999999999992
6602.899999999994
6590.799999999993
6604.6999999999925
6614.999999999993
6601.399999999995
6612.599999999993
6604.1999999999925
6604.1999999999925
6601.599999999992
6613.899999999993
6601.599999999996
6594.099999999994
6600.6999999999925
6615.899999999994
6612.799999999992
6601.999999999994
6610.799999999991
6598.699999999993
6603.099999999994
6613.4999999999945
6610.399999999993
6610.199999999993
6601.799999999994
6598.2999999999965
6608.1999999999925
6606.199999999993
6609.499999999992
6616.099999999993
6607.9999999999945
6593.399999999992
6603.999999999994
6588.799999999993
6618.999999999994
6606.199999999992
6603.999999999992
6603.099999999993
6597.399999999992
6597.199999999993
6611.499999999994
6599.599999999992
6603.799999999994
6599.199999999992
6616.599999999994
6609.099999999994
6610.399999999994
6603.9999999999945
6595.399999999993
6610.599999999992
6615.899999999993
6604.499999999996
6608.199999999994
6603.999999999994
6609.499999999994
6595.199999999993
6597.399999999992
6593.899999999992
6611.899999999992
6599.599999999995
6607.499999999994
6624.499999999994
6608.199999999994
6609.299999999995
6609.499999999993
6611.6999999999925
6610.599999999992
6601.099999999992
6609.499999999992
6612.599999999994
6604.899999999993
6606.1999999999925
6612.199999999994
6603.799999999992
6613.699999999993
6606.899999999994
6601.799999999992
6601.999999999992
6615.899999999992
6616.099999999992
6606.899999999994
6597.399999999993
6604.6999999999925
6591.8999999999905
6613.699999999993
6607.499999999994
6604.499999999995
6615.899999999993
6604.199999999992
6608.1999999999925
6600.499999999994
6600.499999999993
6598.299999999994
6595.399999999994
6601.599999999993
6603.099999999992
6602.4999999999945
6606.899999999994
6593.399999999993
6606.199999999993
6583.299999999994
6596.299999999993
6604.899999999993
6608.599999999992
6603.099999999992
6593.199999999993
6587.699999999993
6614.399999999994
6605.999999999993
6608.399999999992
6613.899999999992
6607.999999999994
6603.999999999992
6607.099999999993
6605.9999999999945
6607.499999999994
6600.299999999994
6606.899999999993
6614.599999999993
6596.9999999999945
6599.799999999994
6607.099999999993
6603.799999999993
6601.399999999995
6600.6999999999925
6601.599999999995
6603.099999999991
6603.999999999993
6610.199999999995
6613.699999999993
6603.599999999993
6612.799999999993
6601.599999999994
6607.099999999995
6606.399999999993
6606.199999999993
6605.099999999994
6624.499999999995
6594.299999999993
6602.699999999995
6600.699999999992
6614.999999999993
6607.299999999995
6603.099999999994
6612.599999999993
6610.399999999993
6603.099999999991
6600.699999999993
6625.599999999994
6617.199999999993
6616.099999999993
6607.299999999993
6598.299999999994
6616.599999999994
6601.599999999993
6600.499999999996
6589.899999999992
6607.099999999993
6605.099999999995
6606.399999999992
6601.799999999995
6602.899999999995
6601.099999999994
6599.399999999996
6602.4999999999945
6600.899999999992
6603.799999999991
6614.099999999994
6586.399999999994
6594.099999999992
6598.299999999993
6604.899999999993
6602.4999999999945
6599.399999999995
6603.599999999994
6597.599999999993
6617.899999999992
6593.199999999992
6603.599999999994
6609.499999999993
6601.799999999993
6605.999999999993
6603.099999999993
6600.299999999995
6601.799999999993
6598.499999999992
6602.699999999993
6601.099999999992
6585.299999999995
6594.299999999994
6616.999999999993
6589.299999999995
6598.299999999995
6610.599999999995
6599.599999999993
6600.6999999999925
6606.899999999994
6603.099999999992
6609.099999999994
6610.199999999994
6610.399999999993
6598.499999999994
6592.299999999993
6602.899999999994
6600.499999999993
6592.999999999993
6613.4999999999945
6594.099999999993
6598.499999999995
6602.899999999994
6600.899999999993
6606.899999999994
6596.499999999994
6616.099999999993
6609.099999999995
6611.499999999993
6610.199999999993
6612.799999999993
6606.199999999992
6618.099999999993
6605.999999999993
6593.199999999994
6597.399999999992
6599.599999999993
6597.399999999994
6610.99999999999
6596.999999999996
6605.9999999999945
6609.299999999994
6602.899999999995
6608.399999999991
6597.399999999995
6600.499999999994
6617.199999999991
6611.299999999994
6590.999999999994
6613.899999999993
6611.299999999993
6597.199999999994
6599.799999999992
6621.399999999992
6602.899999999992
6616.799999999995
6606.899999999995
6603.799999999993
6603.799999999992
6603.799999999994
6598.299999999992
6601.999999999993
6611.499999999993
6605.299999999993
6591.699999999996
6595.399999999994
6609.299999999995
6610.399999999992
6595.599999999992
6599.599999999995
6613.699999999994
6622.499999999993
6602.899999999992
6595.399999999994
6601.799999999995
6607.099999999993
6596.099999999994
6610.399999999992
6607.299999999993
6608.399999999991
6607.099999999992
6597.199999999994
6611.299999999995
6600.499999999994
6608.599999999993
6607.299999999993
6598.6999999999925
6607.099999999993
6602.299999999996
6579.999999999995
6601.799999999993
6596.299999999995
6593.899999999994
6599.599999999994
6605.999999999993
6603.799999999994
6601.399999999994
6604.899999999994
6609.299999999994
6601.799999999995
6612.599999999994
6598.4999999999945
6599.599999999994
6609.299999999994
6590.799999999993
6605.099999999992
6599.599999999993
6603.799999999992
6609.499999999994
6594.099999999994
6606.399999999991
6594.299999999994
6613.699999999993
6595.899999999994
6601.599999999992
6618.299999999993
6609.099999999994
6586.399999999994
6611.499999999993
6605.299999999992
6598.499999999994
6601.799999999994
6605.9999999999945
6615.499999999994
6603.799999999996
6607.299999999994
6591.699999999995
6611.6999999999925
6610.599999999991
6610.399999999993
6605.999999999994
6612.599999999992
6611.699999999992
6598.499999999995
6607.299999999993
6606.199999999993
6592.999999999995
6595.399999999993
6611.499999999995
6599.199999999993
6598.299999999996
6598.299999999993
6609.499999999993
6602.899999999995
6607.099999999995
6601.599999999994
6590.799999999993
6612.599999999992
6610.399999999991
6614.099999999991
6601.799999999995
6605.799999999993
6601.399999999996
6616.099999999994
6603.999999999995
6605.799999999996
6610.399999999994
6600.299999999994
6606.599999999992
6590.799999999995
6596.799999999995
6594.099999999993
6611.499999999992
6599.199999999993
