1.0
1.0
1.0
1.0
0.9998
0.9998
0.9996
0.9993
0.99875
0.99875
0.9982
0.99765
0.9973494698939788
0.9963992798559712
0.9960492098419684
0.9950982843995398
0.994597028365601
0.9937453089817363
0.9933940546491843
0.9933430101606687
0.9915411181740827
0.9911384800240313
0.9912324649298597
0.9893760962164871
0.9871165029075597
0.9871994377792279
0.9867772750125692
0.9858120346146105
0.9844875346260388
0.9828629032258065
0.9827803868100793
0.9821600040430586
0.9812265964983301
0.9788807292985566
0.9781770198944377
0.9777348515656771
0.9759287531806615
0.9749604773318374
0.9732877062158435
0.9744088443034088
0.9712016397642839
0.969471523858389
0.9685602552228054
0.9693292714411111
0.9682112347916128
0.966538700975306
0.9656248374850486
0.9636676396997498
0.961007735730713
0.9584098180101747
0.9557801642451043
0.9549630411826822
0.9542902542372881
0.9498276319278706
0.9475195405965864
0.9460295450909285
0.9467668365977998
0.9474450194049159
0.9431118314424636
0.9432274156815964
0.9422386598498858
0.9409644475998034
0.9374315143545913
0.937348601629597
0.9367186635689788
0.9337366113546812
0.9316358368620459
0.9294427036705462
0.9266220246468966
0.9267809653143213
0.9209942551618224
0.9205131141908144
0.9171362852213916
0.9148554913294797
0.9136657164465647
0.9117112894721425
0.9082287801142722
0.9079438421894438
0.8987928881488969
0.9011160446417856
0.9016840319844923
0.9009327562031336
0.8962622549019608
0.8942301758716446
0.8904143629247686
0.8869706636642272
0.8823049400539829
0.8778606650651157
0.8753425530558919
0.872526342842457
0.8685880829015544
0.8623769476497816
0.8585301837270342
0.8534762188264867
0.853047313552526
0.8502155172413793
0.8449096098953378
0.8409137682650751
0.8328954646017699
0.8301689236353483
0.8264025937411897
0.8202023080210856
0.8173568599207778
0.8159620991253644
0.8142161204605846
0.8155296229802513
0.813615986627156
0.8120908740854833
0.8085371553201434
0.8056916996047431
0.7996646438837433
0.793974732750243
0.7938135871348868
0.7888074616922052
0.7817920297825535
0.7790448426648375
0.7761115954664342
0.7710160333067588
0.7685734844396475
0.7611273257935061
0.7512732660431521
0.7489630467571644
0.7322519083969465
0.7231813773035888
0.719640919404163
0.7124623115577889
0.6977386677581091
0.6876045150501672
0.6700756365185896
0.666157372039725
0.6625657085337211
0.649476320582878
0.6434297664691531
0.640829954686382
0.6409564684242796
0.6322199899547966
0.6363164047278868
0.628849486735102
0.625034125034125
0.6178112786152987
0.6040268456375839
0.5990925058548009
0.5967208182912154
0.5821675634127594
0.5791475202028205
0.5820919954165985
0.5727778714791701
0.5668624740843123
0.564002828854314
0.553098948894527
0.5460795243403939
0.5395410582211265
0.5291828793774319
0.5305466237942122
0.5154639175257731
0.5104984093319194
0.5055664702030125
0.5047425474254743
0.48687845303867405
0.4844010478685401
0.47944199706314244
0.4785913351912845
0.4803459119496855
0.4695138329304325
0.4611973392461197
0.4469226425748165
0.42241630276564773
0.4233576642335766
0.41229996862252904
0.41193737769080235
0.41383989145183175
0.4117647058823529
0.413318856315599
0.4032616753150482
0.40129820542191674
0.39440504334121357
0.4024640657084189
0.3883947479881406
0.37494562853414526
0.3829113924050633
0.3645640074211503
0.35565052231718897
0.3614931237721022
0.366953877344146
0.3731656184486373
0.37745098039215685
0.38113839285714285
0.3851002865329513
0.38981042654028436
0.40157004830917875
0.39975624619134675
0.3965623081645181
0.4082914572864322
0.41471147748890297
0.409148665819568
0.40540540540540543
0.4108072916666667
0.40629095674967236
0.414295168762409
0.4128989361702128
0.41795043536503684
0.4161073825503356
0.4110512129380054
0.41723202170963364
0.41004752206381534
0.41569167240192706
0.4136740331491713
0.42267319804058784
0.41333333333333333
0.4247538677918425
0.4249471458773784
0.41719520789288234
0.4219081272084806
0.4303886925795053
0.4204946996466431
0.4289793004996431
0.425089605734767
0.4267241379310345
0.4281609195402299
0.42169540229885055
0.4277456647398844
0.42588575560375996
0.4302241503976862
0.42588575560375996
0.42950108459869846
0.4287780187997108
0.42660882140274764
0.4309472161966739
0.4237165582067968
0.4229934924078091
0.43137254901960786
0.4328249818445897
0.4277414669571532
0.42556281771968046
0.429920116194626
0.4241103848946986
0.42919389978213507
0.42701525054466233
0.4241103848946986
0.42846768336964414
0.42919389978213507
0.42701525054466233
0.42556281771968046
0.43064633260711693
0.4277414669571532
0.43064633260711693
0.4233841684822077
0.4277414669571532
0.429920116194626
0.43137254901960786
0.42919389978213507
0.43064633260711693
0.42846768336964414
0.4277414669571532
0.42846768336964414
0.4328249818445897
0.42846768336964414
0.429920116194626
0.42701525054466233
0.43064633260711693
0.429920116194626
0.42846768336964414
0.43064633260711693
0.42919389978213507
0.4277414669571532
0.4262890341321714
0.429920116194626
0.43064633260711693
0.4277414669571532
0.4277414669571532
0.4262890341321714
0.4262890341321714
0.43064633260711693
0.42556281771968046
0.4277414669571532
0.42846768336964414
0.43137254901960786
0.4262890341321714
0.42701525054466233
0.4241103848946986
0.4262890341321714
0.43137254901960786
0.4241103848946986
0.4262890341321714
0.4277414669571532
0.4335511982570806
0.42701525054466233
0.42701525054466233
0.42846768336964414
0.42846768336964414
0.42846768336964414
0.4241103848946986
0.43209876543209874
0.43137254901960786
0.42846768336964414
0.4277414669571532
0.43064633260711693
0.42846768336964414
0.42919389978213507
0.42556281771968046
0.429920116194626
0.42483660130718953
0.4233841684822077
0.429920116194626
0.4277414669571532
0.429920116194626
0.42701525054466233
0.4277414669571532
0.43427741466957154
0.43209876543209874
0.429920116194626
0.43064633260711693
0.4277414669571532
0.43064633260711693
0.429920116194626
0.4233841684822077
0.429920116194626
0.42919389978213507
0.42701525054466233
0.4262890341321714
0.42846768336964414
0.429920116194626
0.42556281771968046
0.43137254901960786
0.4262890341321714
0.42919389978213507
0.429920116194626
0.42846768336964414
0.42701525054466233
0.429920116194626
0.43209876543209874
0.4262890341321714
0.43427741466957154
0.4277414669571532
0.4241103848946986
0.4262890341321714
0.4328249818445897
0.42919389978213507
0.4262890341321714
0.42919389978213507
0.429920116194626
0.42919389978213507
0.43064633260711693
0.42483660130718953
0.42919389978213507
0.4277414669571532
0.4233841684822077
0.4335511982570806
0.4241103848946986
0.42919389978213507
0.42919389978213507
0.43137254901960786
0.42701525054466233
0.429920116194626
0.4277414669571532
0.43209876543209874
0.42556281771968046
0.42919389978213507
0.429920116194626
0.42701525054466233
0.42846768336964414
0.43209876543209874
0.4241103848946986
0.4262890341321714
0.43064633260711693
0.42701525054466233
0.4277414669571532
0.4277414669571532
0.43137254901960786
0.42919389978213507
0.42846768336964414
0.4277414669571532
0.42846768336964414
0.43064633260711693
0.43064633260711693
0.43137254901960786
0.42701525054466233
0.42846768336964414
0.42846768336964414
0.42701525054466233
0.42919389978213507
0.43209876543209874
0.4277414669571532
0.4277414669571532
0.43137254901960786
0.429920116194626
0.42556281771968046
0.42556281771968046
0.42701525054466233
0.42919389978213507
0.42556281771968046
0.43137254901960786
0.429920116194626
0.4262890341321714
0.42919389978213507
0.42701525054466233
0.43209876543209874
0.4262890341321714
0.43209876543209874
0.42701525054466233
0.429920116194626
0.4277414669571532
0.4262890341321714
0.43209876543209874
0.43064633260711693
0.43064633260711693
0.42483660130718953
0.4262890341321714
0.42846768336964414
0.42701525054466233
0.42846768336964414
0.42919389978213507
0.42846768336964414
0.42556281771968046
0.429920116194626
0.42919389978213507
0.42701525054466233
0.42701525054466233
0.4277414669571532
0.43064633260711693
0.43064633260711693
0.4233841684822077
0.4262890341321714
0.42919389978213507
0.42556281771968046
0.4277414669571532
0.4277414669571532
0.42556281771968046
0.43064633260711693
0.42556281771968046
0.42701525054466233
0.42701525054466233
0.4226579520697168
0.4233841684822077
0.4262890341321714
0.4335511982570806
0.42919389978213507
0.43137254901960786
0.42701525054466233
0.42483660130718953
0.42701525054466233
0.42556281771968046
0.4233841684822077
0.4241103848946986
0.42556281771968046
0.429920116194626
0.42556281771968046
0.42701525054466233
0.42483660130718953
0.43137254901960786
0.42556281771968046
0.42919389978213507
0.42701525054466233
0.42556281771968046
0.429920116194626
0.42846768336964414
0.43064633260711693
0.42556281771968046
0.42701525054466233
0.43064633260711693
0.4277414669571532
0.429920116194626
0.42483660130718953
0.43137254901960786
0.42846768336964414
0.42919389978213507
0.4262890341321714
0.42701525054466233
0.42701525054466233
0.43137254901960786
0.429920116194626
0.43064633260711693
0.42919389978213507
0.42701525054466233
0.4277414669571532
0.42701525054466233
0.42483660130718953
0.42846768336964414
0.42846768336964414
0.429920116194626
0.42701525054466233
0.429920116194626
0.429920116194626
0.4262890341321714
0.43064633260711693
0.42846768336964414
0.43064633260711693
0.42701525054466233
0.4277414669571532
0.42483660130718953
0.429920116194626
0.43137254901960786
0.42919389978213507
0.42846768336964414
0.42701525054466233
0.42701525054466233
0.42483660130718953
0.429920116194626
0.4328249818445897
0.4241103848946986
0.429920116194626
0.4262890341321714
0.42701525054466233
0.42701525054466233
0.42701525054466233
0.42701525054466233
0.42483660130718953
0.42846768336964414
0.42701525054466233
0.429920116194626
0.42919389978213507
0.42846768336964414
0.43064633260711693
0.42701525054466233
0.42483660130718953
0.429920116194626
0.42919389978213507
0.42483660130718953
0.42846768336964414
0.43137254901960786
0.42919389978213507
0.42556281771968046
0.4241103848946986
0.42919389978213507
0.4277414669571532
0.4262890341321714
0.42556281771968046
0.42919389978213507
0.42556281771968046
0.4277414669571532
0.43137254901960786
0.4262890341321714
0.42846768336964414
0.42701525054466233
0.43064633260711693
0.4328249818445897
0.42556281771968046
0.43064633260711693
0.4233841684822077
0.43137254901960786
0.4277414669571532
0.42556281771968046
0.4262890341321714
0.42556281771968046
0.429920116194626
0.4262890341321714
0.43064633260711693
0.4277414669571532
0.42556281771968046
0.429920116194626
0.4277414669571532
0.429920116194626
0.4233841684822077
0.4262890341321714
0.4277414669571532
0.42846768336964414
0.43427741466957154
0.43064633260711693
0.4277414669571532
0.4233841684822077
0.43500363108206247
0.4262890341321714
0.43064633260711693
0.4277414669571532
0.4226579520697168
0.42919389978213507
0.43064633260711693
0.4241103848946986
0.42556281771968046
0.429920116194626
0.42919389978213507
0.43137254901960786
0.42701525054466233
0.42846768336964414
0.43137254901960786
0.42701525054466233
0.42919389978213507
0.42193173565722586
0.43137254901960786
0.4241103848946986
0.4262890341321714
0.42701525054466233
0.4262890341321714
0.42483660130718953
0.4262890341321714
0.4277414669571532
0.4262890341321714
0.42919389978213507
0.4241103848946986
0.4262890341321714
0.4277414669571532
0.4233841684822077
0.42846768336964414
0.4277414669571532
0.42846768336964414
0.42556281771968046
0.429920116194626
0.4277414669571532
0.4277414669571532
0.42846768336964414
0.42483660130718953
0.4262890341321714
0.42701525054466233
0.42919389978213507
0.4262890341321714
0.42701525054466233
0.429920116194626
0.42483660130718953
0.42919389978213507
0.4262890341321714
0.42701525054466233
0.42919389978213507
0.43137254901960786
0.4277414669571532
0.4277414669571532
0.43137254901960786
0.4277414669571532
0.42483660130718953
0.42556281771968046
0.4277414669571532
0.43209876543209874
0.43209876543209874
0.42556281771968046
0.429920116194626
0.4226579520697168
0.42919389978213507
0.429920116194626
0.42556281771968046
0.43064633260711693
0.4241103848946986
0.43137254901960786
0.4277414669571532
0.42483660130718953
0.43209876543209874
0.43064633260711693
0.4277414669571532
0.42846768336964414
0.42556281771968046
0.43209876543209874
0.42919389978213507
0.42919389978213507
0.4277414669571532
0.42483660130718953
0.42556281771968046
0.4277414669571532
0.43064633260711693
0.42846768336964414
0.42919389978213507
0.429920116194626
0.4241103848946986
0.42919389978213507
0.4277414669571532
0.4277414669571532
0.4241103848946986
0.42701525054466233
0.42701525054466233
0.43137254901960786
0.4277414669571532
0.42483660130718953
0.42556281771968046
0.4233841684822077
0.43064633260711693
0.42701525054466233
0.42483660130718953
0.429920116194626
0.429920116194626
0.42846768336964414
0.43427741466957154
0.42919389978213507
0.4262890341321714
0.43137254901960786
0.42846768336964414
0.4277414669571532
0.42556281771968046
0.4277414669571532
0.42846768336964414
0.42483660130718953
0.42701525054466233
0.43064633260711693
0.42556281771968046
0.42919389978213507
0.43064633260711693
0.42919389978213507
0.4277414669571532
0.42483660130718953
0.42846768336964414
0.43064633260711693
0.42556281771968046
0.4277414669571532
0.42919389978213507
0.4262890341321714
0.42556281771968046
0.42846768336964414
0.4277414669571532
0.4277414669571532
0.42701525054466233
0.42846768336964414
0.4277414669571532
0.4262890341321714
0.43064633260711693
0.42556281771968046
0.4277414669571532
0.42846768336964414
0.42919389978213507
0.43064633260711693
0.43064633260711693
0.4328249818445897
0.4262890341321714
0.429920116194626
0.42919389978213507
0.429920116194626
0.4277414669571532
0.42701525054466233
0.4262890341321714
0.43137254901960786
0.4335511982570806
0.42701525054466233
0.4262890341321714
0.42483660130718953
0.429920116194626
0.42846768336964414
0.42483660130718953
0.42556281771968046
0.42919389978213507
0.43064633260711693
0.4241103848946986
0.429920116194626
0.429920116194626
0.4357298474945534
0.4328249818445897
0.42556281771968046
0.42701525054466233
0.4277414669571532
0.42919389978213507
0.42556281771968046
0.42919389978213507
0.4241103848946986
0.42701525054466233
0.429920116194626
0.42556281771968046
0.43064633260711693
0.42701525054466233
0.4262890341321714
0.43137254901960786
0.42846768336964414
0.43209876543209874
0.429920116194626
0.4277414669571532
0.4262890341321714
0.42701525054466233
0.43064633260711693
0.42846768336964414
0.42556281771968046
0.42483660130718953
0.42919389978213507
0.42701525054466233
0.43209876543209874
0.42701525054466233
0.42919389978213507
0.429920116194626
0.42846768336964414
0.42701525054466233
0.4262890341321714
0.42701525054466233
0.4328249818445897
0.4262890341321714
0.42846768336964414
0.4277414669571532
0.429920116194626
0.43137254901960786
0.42919389978213507
0.42846768336964414
0.43064633260711693
0.43427741466957154
0.42483660130718953
0.42846768336964414
0.4241103848946986
0.43209876543209874
0.42846768336964414
0.4262890341321714
0.42483660130718953
0.42846768336964414
0.42846768336964414
0.4277414669571532
0.43137254901960786
0.42701525054466233
0.429920116194626
0.4241103848946986
0.42919389978213507
0.42846768336964414
0.4328249818445897
0.42701525054466233
0.42556281771968046
0.4277414669571532
0.43064633260711693
0.43137254901960786
0.43209876543209874
0.429920116194626
0.42556281771968046
0.429920116194626
0.4277414669571532
0.4277414669571532
0.42701525054466233
0.42846768336964414
0.42919389978213507
0.4262890341321714
0.4328249818445897
0.4277414669571532
0.43209876543209874
0.42919389978213507
0.42483660130718953
0.43137254901960786
0.42556281771968046
0.43137254901960786
0.42701525054466233
0.4277414669571532
0.4335511982570806
0.4328249818445897
0.43137254901960786
0.4241103848946986
0.4262890341321714
0.42556281771968046
0.42701525054466233
0.43137254901960786
0.4277414669571532
0.43064633260711693
0.4277414669571532
0.42846768336964414
0.42919389978213507
0.429920116194626
0.42701525054466233
0.43064633260711693
0.42556281771968046
0.42483660130718953
0.42846768336964414
0.42701525054466233
0.42483660130718953
0.42919389978213507
0.43064633260711693
0.4241103848946986
0.43137254901960786
0.42483660130718953
0.42919389978213507
0.4277414669571532
0.4241103848946986
0.42919389978213507
0.42846768336964414
0.42846768336964414
0.43209876543209874
0.42701525054466233
0.43500363108206247
0.43064633260711693
0.42556281771968046
0.42483660130718953
0.4262890341321714
0.42919389978213507
0.429920116194626
0.4241103848946986
0.42556281771968046
0.42846768336964414
0.4262890341321714
0.4241103848946986
0.429920116194626
0.4277414669571532
0.43064633260711693
0.4241103848946986
0.42556281771968046
0.43064633260711693
0.42701525054466233
0.4277414669571532
0.42483660130718953
0.42483660130718953
0.43137254901960786
0.4262890341321714
0.43064633260711693
0.42846768336964414
0.42556281771968046
0.4277414669571532
0.429920116194626
0.42556281771968046
0.4233841684822077
0.42919389978213507
0.42701525054466233
0.42846768336964414
0.42701525054466233
0.42846768336964414
0.4277414669571532
0.42919389978213507
0.4328249818445897
0.42701525054466233
0.4277414669571532
0.43427741466957154
0.42846768336964414
0.429920116194626
0.429920116194626
0.43064633260711693
0.42701525054466233
0.42919389978213507
0.43137254901960786
0.43209876543209874
0.4277414669571532
0.42846768336964414
0.4262890341321714
0.42846768336964414
0.43209876543209874
0.43064633260711693
0.42846768336964414
0.42846768336964414
0.42483660130718953
0.42701525054466233
0.4277414669571532
0.43137254901960786
0.42556281771968046
0.42919389978213507
0.4262890341321714
0.4277414669571532
0.43137254901960786
0.42483660130718953
0.4328249818445897
0.42701525054466233
0.4277414669571532
0.42556281771968046
0.42483660130718953
0.42919389978213507
0.42846768336964414
0.42846768336964414
0.42846768336964414
0.43209876543209874
0.4335511982570806
0.4262890341321714
0.42846768336964414
0.42846768336964414
0.42919389978213507
0.4241103848946986
0.4262890341321714
0.42846768336964414
0.4277414669571532
0.42701525054466233
0.42846768336964414
0.43064633260711693
0.42919389978213507
0.43137254901960786
0.4262890341321714
0.429920116194626
0.42556281771968046
0.42701525054466233
0.43137254901960786
0.43064633260711693
0.4262890341321714
0.42846768336964414
0.43209876543209874
0.4277414669571532
0.42701525054466233
0.42846768336964414
0.429920116194626
0.4262890341321714
0.4233841684822077
0.4262890341321714
0.42919389978213507
0.42919389978213507
0.429920116194626
0.42556281771968046
0.42846768336964414
0.4277414669571532
0.4262890341321714
0.43137254901960786
0.43209876543209874
0.42919389978213507
0.42846768336964414
0.42919389978213507
0.43137254901960786
0.43137254901960786
0.4277414669571532
0.42919389978213507
0.42846768336964414
0.4262890341321714
0.42919389978213507
0.429920116194626
0.4241103848946986
0.42846768336964414
0.42846768336964414
0.43209876543209874
0.42919389978213507
0.42919389978213507
0.4277414669571532
0.4226579520697168
0.4262890341321714
0.4277414669571532
0.429920116194626
0.42483660130718953
0.4277414669571532
0.42701525054466233
0.4262890341321714
0.4328249818445897
0.43064633260711693
0.4241103848946986
0.4241103848946986
0.42919389978213507
0.43137254901960786
0.4226579520697168
0.42919389978213507
0.42919389978213507
0.43064633260711693
0.4262890341321714
0.42556281771968046
0.43064633260711693
0.4212055192447349
0.429920116194626
0.43064633260711693
0.42846768336964414
0.42846768336964414
0.42556281771968046
0.4335511982570806
0.42846768336964414
0.42483660130718953
0.42919389978213507
0.42846768336964414
0.429920116194626
0.42701525054466233
0.42701525054466233
0.42556281771968046
0.429920116194626
0.429920116194626
0.429920116194626
0.42556281771968046
0.4262890341321714
0.42701525054466233
0.4277414669571532
0.4328249818445897
0.42919389978213507
0.429920116194626
0.42846768336964414
0.42556281771968046
0.42846768336964414
0.42846768336964414
0.42483660130718953
0.429920116194626
0.42701525054466233
0.42701525054466233
0.43209876543209874
0.429920116194626
0.429920116194626
0.42483660130718953
0.429920116194626
0.4262890341321714
0.43209876543209874
0.42483660130718953
0.42846768336964414
0.42701525054466233
0.42556281771968046
0.42701525054466233
0.42919389978213507
0.4233841684822077
0.420479302832244
0.42846768336964414
0.43137254901960786
0.4262890341321714
0.429920116194626
0.429920116194626
0.4277414669571532
0.42556281771968046
0.429920116194626
0.429920116194626
0.4277414669571532
0.429920116194626
0.42556281771968046
0.42846768336964414
0.429920116194626
0.429920116194626
0.43064633260711693
0.42846768336964414
0.4277414669571532
0.42846768336964414
0.4335511982570806
0.4233841684822077
0.42846768336964414
0.429920116194626
0.42193173565722586
0.43064633260711693
0.43137254901960786
0.429920116194626
0.4277414669571532
0.42556281771968046
0.4335511982570806
0.429920116194626
0.43064633260711693
0.42919389978213507
0.42846768336964414
0.43209876543209874
0.429920116194626
0.43064633260711693
0.42483660130718953
0.4277414669571532
0.43137254901960786
0.42701525054466233
0.42846768336964414
0.420479302832244
0.42483660130718953
0.4277414669571532
0.429920116194626
0.4262890341321714
0.42846768336964414
0.42483660130718953
0.42919389978213507
0.42193173565722586
0.42846768336964414
0.43209876543209874
0.42556281771968046
0.42919389978213507
0.4277414669571532
0.4328249818445897
0.43137254901960786
0.429920116194626
0.4262890341321714
0.43137254901960786
0.4277414669571532
0.42556281771968046
0.42919389978213507
0.43064633260711693
0.42556281771968046
0.42919389978213507
0.42846768336964414
0.42919389978213507
0.4277414669571532
0.42846768336964414
0.42556281771968046
0.42919389978213507
0.4277414669571532
0.4277414669571532
0.42701525054466233
0.42846768336964414
0.42556281771968046
0.43209876543209874
0.42701525054466233
0.42701525054466233
0.4262890341321714
0.43137254901960786
0.4241103848946986
0.429920116194626
0.42556281771968046
0.4277414669571532
0.42701525054466233
0.4277414669571532
0.429920116194626
0.42919389978213507
0.42846768336964414
0.4233841684822077
0.420479302832244
0.4262890341321714
0.429920116194626
0.42556281771968046
0.42701525054466233
0.42483660130718953
0.42919389978213507
0.42846768336964414
0.42919389978213507
0.42556281771968046
0.42846768336964414
0.42919389978213507
0.4277414669571532
0.4233841684822077
0.42701525054466233
0.43209876543209874
0.42701525054466233
0.42701525054466233
0.4262890341321714
0.42846768336964414
0.42556281771968046
0.42846768336964414
0.43209876543209874
0.43137254901960786
0.429920116194626
0.43137254901960786
0.429920116194626
0.42701525054466233
0.4277414669571532
0.42919389978213507
0.4277414669571532
0.429920116194626
0.4262890341321714
0.4328249818445897
0.4277414669571532
0.42483660130718953
0.4262890341321714
0.42483660130718953
0.42846768336964414
0.42701525054466233
0.43137254901960786
0.43500363108206247
0.43064633260711693
0.42701525054466233
0.4262890341321714
0.4262890341321714
0.429920116194626
0.42556281771968046
0.42919389978213507
0.4277414669571532
0.4262890341321714
0.42701525054466233
0.429920116194626
0.42483660130718953
0.4328249818445897
0.42919389978213507
0.429920116194626
0.43064633260711693
0.4241103848946986
0.4241103848946986
0.43064633260711693
0.4328249818445897
0.43064633260711693
0.4277414669571532
0.43137254901960786
0.4262890341321714
0.43209876543209874
0.42701525054466233
0.42846768336964414
0.43064633260711693
0.429920116194626
0.42483660130718953
0.429920116194626
0.43137254901960786
0.4262890341321714
0.42919389978213507
0.42919389978213507
0.42919389978213507
0.42556281771968046
0.42919389978213507
0.42846768336964414
0.429920116194626
0.43064633260711693
0.42193173565722586
