0.0
0.0
0.0
0.0
2.0E-4
2.0E-4
4.0E-4
6.0E-4
0.0011
0.0011
0.0014
0.0017
0.0021004200840168035
0.0028005601120224045
0.0033006601320264054
0.0039013654779172713
0.004102256240932513
0.005103827870903178
0.005204684215794215
0.005205465739025977
0.006606937284148356
0.0065084609992990886
0.006362725450901803
0.007667251315459784
0.009474634048526168
0.009085889262587219
0.009451985922574157
0.010163010666130005
0.011130697557290355
0.011844758064516129
0.012371862849063274
0.012735634507504928
0.0133589717639915
0.014889845530514053
0.01578359723913926
0.016012606750711672
0.01659033078880407
0.01769595593859962
0.01966392563460851
0.01934691370662299
0.02131693569049449
0.02190867111339148
0.022280539261088812
0.022305984406464606
0.023660367589955992
0.02469391990039427
0.02563835872900307
0.026115512927439532
0.027493205101400794
0.030314155346934494
0.032638450200042114
0.03284054910242872
0.03326271186440678
0.03611774065234686
0.03722018397405222
0.03813129966401792
0.03804668634290314
0.039187149633462696
0.04170718530524041
0.04142717709575968
0.042423583161100835
0.04352574954945115
0.04465264080648696
0.045089187403655584
0.04668658037393517
0.046894944225539706
0.0499219968798752
0.05074977618621307
0.05430195261943616
0.05347139704634188
0.057732779705363745
0.05841255297216814
0.060667050028752154
0.062080924855491326
0.06341264762348013
0.06661198664245123
0.06897567296931142
0.06788697352052603
0.07314027472200749
0.07236289451578064
0.07299491155803246
0.07407181613119551
0.07671568627450981
0.08016044430731256
0.08163011741318259
0.0866954400450366
0.08825560228485343
0.09185737767100771
0.09260085399273468
0.09547674119763556
0.09889896373056994
0.10333137753438947
0.10551181102362205
0.1068995170999537
0.10892809409248864
0.10998114224137931
0.11574011145847492
0.12066954791795294
0.12527654867256638
0.1254362697193913
0.12693825768254863
0.13135774326827182
0.13230104429240186
0.13411078717201166
0.13337762031296133
0.13412627169359664
0.1367677228174151
0.13977666538313438
0.14028664901074933
0.1443478260869565
0.1480357713190674
0.152332361516035
0.15269117164424023
0.1543970686209194
0.1611811489973771
0.16436594358226872
0.16904969485614646
0.17282310213482152
0.1765605324698687
0.17849325063845312
0.18575794055005093
0.1912707390648567
0.2034351145038168
0.20649854510184287
0.20952944658182895
0.21618090452261307
0.22541696510795048
0.22857441471571907
0.24352828379674019
0.24620757393866638
0.24997203892182082
0.25842440801457195
0.2585105146973394
0.2629382303839733
0.26425505824647455
0.2689603214465093
0.2654890245486427
0.27502999600053324
0.2822822822822823
0.28587381351200447
0.29730115664715123
0.29903395784543324
0.3012936221419976
0.3109915449654112
0.31595626683568373
0.31559993452283513
0.324337999662675
0.3279198341395992
0.32973833097595473
0.33834722725625227
0.342809364548495
0.3478095960553764
0.35447470817120624
0.3545016077170418
0.36762886597938144
0.376033934252386
0.37808338790657064
0.3814363143631436
0.39433701657458564
0.39152179090259587
0.394273127753304
0.3990372434760578
0.40461215932914046
0.41203330647327424
0.432649667405765
0.4330886504799548
0.44861717612809315
0.4504257907542579
0.459366175086288
0.4592302674494455
0.46506105834464045
0.4684873949579832
0.47050307636626854
0.47220163083765754
0.4753722794959908
0.4858156028368794
0.4792607802874743
0.4913172384582804
0.5028273162244454
0.5031645569620253
0.5041743970315399
0.5161443494776828
0.5157170923379175
0.5139381652306133
0.5094339622641509
0.5152505446623094
0.51171875
0.5083094555873926
0.5100710900473934
0.5060386473429952
0.5094454600853139
0.5058317986494782
0.5062814070351759
0.5053899809765378
0.5012706480304956
0.5012870012870013
0.5013020833333334
0.5039318479685452
0.500992720052945
0.5006648936170213
0.49631614199598123
0.4966442953020134
0.49865229110512127
0.49592944369063774
0.5023761031907671
0.49483826565726086
0.4958563535911602
0.4905528341497551
0.5045614035087719
0.4929676511954993
0.49471458773784355
0.5024665257223396
0.49964664310954066
0.4925795053003534
0.49823321554770317
0.49036402569593146
0.4953405017921147
0.4949712643678161
0.4949712643678161
0.4992816091954023
0.4949421965317919
0.4981923355025307
0.4924078091106291
0.49746926970354305
0.49313087490961677
0.4938539407086045
0.4960231381055676
0.49168474331164136
0.49891540130151846
0.4981923355025307
0.4916485112563544
0.49092229484386346
0.49600580973129993
0.4974582425562818
0.49310094408133626
0.4989106753812636
0.49382716049382713
0.49600580973129993
0.4989106753812636
0.495279593318809
0.49455337690631807
0.49673202614379086
0.4974582425562818
0.4923747276688453
0.49600580973129993
0.49310094408133626
0.5003631082062454
0.49600580973129993
0.49382716049382713
0.4916485112563544
0.49455337690631807
0.49310094408133626
0.495279593318809
0.495279593318809
0.49455337690631807
0.49092229484386346
0.495279593318809
0.49310094408133626
0.49600580973129993
0.49310094408133626
0.49310094408133626
0.495279593318809
0.49310094408133626
0.49382716049382713
0.49600580973129993
0.4974582425562818
0.49382716049382713
0.4923747276688453
0.49600580973129993
0.49600580973129993
0.4974582425562818
0.4974582425562818
0.4923747276688453
0.4974582425562818
0.495279593318809
0.495279593318809
0.4923747276688453
0.49673202614379086
0.49600580973129993
0.49963689179375453
0.49673202614379086
0.4916485112563544
0.4989106753812636
0.4974582425562818
0.49600580973129993
0.48946986201888165
0.49673202614379086
0.49600580973129993
0.495279593318809
0.495279593318809
0.495279593318809
0.4989106753812636
0.4916485112563544
0.4916485112563544
0.49455337690631807
0.49600580973129993
0.4923747276688453
0.495279593318809
0.49455337690631807
0.4974582425562818
0.49310094408133626
0.4989106753812636
0.49963689179375453
0.49382716049382713
0.49600580973129993
0.49310094408133626
0.49600580973129993
0.49600580973129993
0.48946986201888165
0.49092229484386346
0.49382716049382713
0.49310094408133626
0.49600580973129993
0.49310094408133626
0.49310094408133626
0.49963689179375453
0.49310094408133626
0.49455337690631807
0.49673202614379086
0.4974582425562818
0.49455337690631807
0.49382716049382713
0.4974582425562818
0.4923747276688453
0.49673202614379086
0.49382716049382713
0.49382716049382713
0.495279593318809
0.49600580973129993
0.49382716049382713
0.4916485112563544
0.49673202614379086
0.48946986201888165
0.49600580973129993
0.4989106753812636
0.4974582425562818
0.49092229484386346
0.49382716049382713
0.49673202614379086
0.49455337690631807
0.49310094408133626
0.49382716049382713
0.4923747276688453
0.49818445896877267
0.49382716049382713
0.495279593318809
0.5003631082062454
0.49019607843137253
0.4989106753812636
0.49455337690631807
0.49455337690631807
0.4923747276688453
0.49600580973129993
0.49382716049382713
0.49600580973129993
0.49092229484386346
0.4974582425562818
0.49455337690631807
0.49310094408133626
0.49600580973129993
0.495279593318809
0.4916485112563544
0.49963689179375453
0.49673202614379086
0.4923747276688453
0.49600580973129993
0.49600580973129993
0.49600580973129993
0.4916485112563544
0.49382716049382713
0.495279593318809
0.495279593318809
0.49455337690631807
0.4923747276688453
0.4923747276688453
0.4923747276688453
0.49600580973129993
0.49455337690631807
0.495279593318809
0.49673202614379086
0.49455337690631807
0.4916485112563544
0.495279593318809
0.49600580973129993
0.4916485112563544
0.49382716049382713
0.49818445896877267
0.49818445896877267
0.49673202614379086
0.49455337690631807
0.4974582425562818
0.4923747276688453
0.49382716049382713
0.4974582425562818
0.49382716049382713
0.49600580973129993
0.4916485112563544
0.4974582425562818
0.4916485112563544
0.49600580973129993
0.49310094408133626
0.495279593318809
0.4974582425562818
0.4916485112563544
0.49310094408133626
0.49310094408133626
0.49818445896877267
0.49673202614379086
0.495279593318809
0.49600580973129993
0.495279593318809
0.49382716049382713
0.49455337690631807
0.4974582425562818
0.49382716049382713
0.49455337690631807
0.49600580973129993
0.49600580973129993
0.49600580973129993
0.4923747276688453
0.4923747276688453
0.49963689179375453
0.4974582425562818
0.49382716049382713
0.49818445896877267
0.495279593318809
0.49600580973129993
0.49818445896877267
0.4923747276688453
0.49818445896877267
0.49673202614379086
0.49673202614379086
0.5003631082062454
0.5003631082062454
0.4974582425562818
0.48946986201888165
0.49382716049382713
0.4916485112563544
0.49673202614379086
0.4989106753812636
0.49673202614379086
0.4974582425562818
0.49963689179375453
0.49963689179375453
0.49818445896877267
0.49382716049382713
0.4974582425562818
0.49600580973129993
0.4989106753812636
0.4916485112563544
0.4974582425562818
0.49382716049382713
0.49673202614379086
0.49818445896877267
0.49382716049382713
0.495279593318809
0.49310094408133626
0.4974582425562818
0.49600580973129993
0.49310094408133626
0.495279593318809
0.49382716049382713
0.49818445896877267
0.4923747276688453
0.49455337690631807
0.49455337690631807
0.49673202614379086
0.49673202614379086
0.49600580973129993
0.4916485112563544
0.49382716049382713
0.49310094408133626
0.49382716049382713
0.49600580973129993
0.49600580973129993
0.49673202614379086
0.4989106753812636
0.49455337690631807
0.49455337690631807
0.49310094408133626
0.49600580973129993
0.49382716049382713
0.49382716049382713
0.4974582425562818
0.49310094408133626
0.49455337690631807
0.4923747276688453
0.49600580973129993
0.495279593318809
0.4989106753812636
0.49382716049382713
0.4923747276688453
0.49455337690631807
0.49455337690631807
0.49673202614379086
0.49600580973129993
0.4989106753812636
0.49310094408133626
0.49019607843137253
0.49963689179375453
0.49310094408133626
0.4974582425562818
0.49600580973129993
0.49673202614379086
0.49600580973129993
0.49600580973129993
0.49818445896877267
0.49455337690631807
0.49600580973129993
0.49382716049382713
0.49455337690631807
0.495279593318809
0.49310094408133626
0.49673202614379086
0.49818445896877267
0.49310094408133626
0.49455337690631807
0.49818445896877267
0.49455337690631807
0.4923747276688453
0.49382716049382713
0.49818445896877267
0.4989106753812636
0.49382716049382713
0.495279593318809
0.49673202614379086
0.49818445896877267
0.49455337690631807
0.49818445896877267
0.49600580973129993
0.4916485112563544
0.49673202614379086
0.49455337690631807
0.49673202614379086
0.4923747276688453
0.49019607843137253
0.49818445896877267
0.49310094408133626
0.49963689179375453
0.4923747276688453
0.49600580973129993
0.49818445896877267
0.49673202614379086
0.4974582425562818
0.49382716049382713
0.49673202614379086
0.4923747276688453
0.495279593318809
0.49818445896877267
0.49310094408133626
0.49600580973129993
0.49310094408133626
0.5003631082062454
0.49673202614379086
0.49600580973129993
0.495279593318809
0.4887436456063907
0.49310094408133626
0.495279593318809
0.49963689179375453
0.4887436456063907
0.49673202614379086
0.49310094408133626
0.495279593318809
0.5010893246187363
0.49455337690631807
0.49310094408133626
0.49963689179375453
0.4974582425562818
0.49382716049382713
0.49455337690631807
0.4923747276688453
0.49673202614379086
0.495279593318809
0.4916485112563544
0.49673202614379086
0.49382716049382713
0.5010893246187363
0.4923747276688453
0.4989106753812636
0.4974582425562818
0.49673202614379086
0.4974582425562818
0.4989106753812636
0.4974582425562818
0.495279593318809
0.4974582425562818
0.49382716049382713
0.4989106753812636
0.49673202614379086
0.495279593318809
0.49963689179375453
0.495279593318809
0.49600580973129993
0.495279593318809
0.4974582425562818
0.49382716049382713
0.49600580973129993
0.49600580973129993
0.495279593318809
0.4989106753812636
0.49673202614379086
0.49673202614379086
0.49382716049382713
0.49673202614379086
0.49600580973129993
0.49310094408133626
0.4989106753812636
0.49455337690631807
0.4974582425562818
0.49600580973129993
0.49455337690631807
0.4923747276688453
0.495279593318809
0.495279593318809
0.4923747276688453
0.49600580973129993
0.49818445896877267
0.4974582425562818
0.495279593318809
0.49092229484386346
0.49092229484386346
0.49818445896877267
0.49310094408133626
0.5003631082062454
0.49455337690631807
0.49382716049382713
0.4974582425562818
0.49310094408133626
0.49963689179375453
0.4916485112563544
0.49600580973129993
0.4989106753812636
0.49092229484386346
0.4923747276688453
0.495279593318809
0.495279593318809
0.4974582425562818
0.4916485112563544
0.49455337690631807
0.49382716049382713
0.495279593318809
0.49818445896877267
0.49818445896877267
0.495279593318809
0.49310094408133626
0.495279593318809
0.49382716049382713
0.49310094408133626
0.4989106753812636
0.49382716049382713
0.495279593318809
0.495279593318809
0.4989106753812636
0.49600580973129993
0.49673202614379086
0.4923747276688453
0.495279593318809
0.4989106753812636
0.4974582425562818
0.49963689179375453
0.49310094408133626
0.49600580973129993
0.4989106753812636
0.49382716049382713
0.49310094408133626
0.495279593318809
0.48946986201888165
0.49455337690631807
0.4974582425562818
0.4923747276688453
0.495279593318809
0.49600580973129993
0.49818445896877267
0.495279593318809
0.495279593318809
0.4989106753812636
0.49600580973129993
0.4923747276688453
0.49818445896877267
0.49382716049382713
0.4923747276688453
0.49455337690631807
0.495279593318809
0.49818445896877267
0.495279593318809
0.49310094408133626
0.4974582425562818
0.49600580973129993
0.49382716049382713
0.4974582425562818
0.4974582425562818
0.495279593318809
0.495279593318809
0.495279593318809
0.49600580973129993
0.49455337690631807
0.495279593318809
0.4974582425562818
0.49310094408133626
0.4974582425562818
0.49600580973129993
0.495279593318809
0.49382716049382713
0.49310094408133626
0.49310094408133626
0.49019607843137253
0.49673202614379086
0.49382716049382713
0.49455337690631807
0.49382716049382713
0.495279593318809
0.49673202614379086
0.49673202614379086
0.4923747276688453
0.49019607843137253
0.49673202614379086
0.4974582425562818
0.4989106753812636
0.49310094408133626
0.49455337690631807
0.49818445896877267
0.4974582425562818
0.49382716049382713
0.4923747276688453
0.4989106753812636
0.49310094408133626
0.49382716049382713
0.4880174291938998
0.49092229484386346
0.4974582425562818
0.49673202614379086
0.49600580973129993
0.49382716049382713
0.49818445896877267
0.49455337690631807
0.4989106753812636
0.49600580973129993
0.49310094408133626
0.49818445896877267
0.49310094408133626
0.49600580973129993
0.49673202614379086
0.4923747276688453
0.49455337690631807
0.4916485112563544
0.49382716049382713
0.495279593318809
0.4974582425562818
0.49673202614379086
0.4923747276688453
0.495279593318809
0.4974582425562818
0.49818445896877267
0.49382716049382713
0.49600580973129993
0.49092229484386346
0.49673202614379086
0.49382716049382713
0.49382716049382713
0.49455337690631807
0.49673202614379086
0.4974582425562818
0.49673202614379086
0.49092229484386346
0.49673202614379086
0.495279593318809
0.49600580973129993
0.49382716049382713
0.4916485112563544
0.49455337690631807
0.495279593318809
0.4923747276688453
0.48946986201888165
0.49818445896877267
0.495279593318809
0.49963689179375453
0.4916485112563544
0.495279593318809
0.4974582425562818
0.49818445896877267
0.49455337690631807
0.49455337690631807
0.49600580973129993
0.4923747276688453
0.49600580973129993
0.49310094408133626
0.4989106753812636
0.49382716049382713
0.49455337690631807
0.49092229484386346
0.49673202614379086
0.4974582425562818
0.495279593318809
0.49310094408133626
0.4923747276688453
0.4916485112563544
0.49310094408133626
0.49818445896877267
0.49310094408133626
0.49600580973129993
0.495279593318809
0.49673202614379086
0.49455337690631807
0.49382716049382713
0.49673202614379086
0.49092229484386346
0.495279593318809
0.4916485112563544
0.49382716049382713
0.4989106753812636
0.4923747276688453
0.4974582425562818
0.4923747276688453
0.49600580973129993
0.49600580973129993
0.48946986201888165
0.49019607843137253
0.4916485112563544
0.49963689179375453
0.49673202614379086
0.4974582425562818
0.49600580973129993
0.4923747276688453
0.495279593318809
0.4923747276688453
0.495279593318809
0.495279593318809
0.49382716049382713
0.49382716049382713
0.49673202614379086
0.49310094408133626
0.4974582425562818
0.4989106753812636
0.49455337690631807
0.49673202614379086
0.4989106753812636
0.49455337690631807
0.49310094408133626
0.4989106753812636
0.4916485112563544
0.49818445896877267
0.49382716049382713
0.49600580973129993
0.49963689179375453
0.49382716049382713
0.495279593318809
0.49455337690631807
0.49092229484386346
0.49600580973129993
0.4880174291938998
0.4923747276688453
0.49818445896877267
0.49818445896877267
0.49673202614379086
0.49382716049382713
0.49382716049382713
0.4989106753812636
0.49818445896877267
0.495279593318809
0.4974582425562818
0.49963689179375453
0.49310094408133626
0.49600580973129993
0.49310094408133626
0.4989106753812636
0.4974582425562818
0.4923747276688453
0.49673202614379086
0.495279593318809
0.49818445896877267
0.49818445896877267
0.4916485112563544
0.4974582425562818
0.4923747276688453
0.49455337690631807
0.4974582425562818
0.495279593318809
0.49382716049382713
0.49818445896877267
0.49963689179375453
0.49382716049382713
0.49673202614379086
0.49455337690631807
0.49600580973129993
0.495279593318809
0.49600580973129993
0.49455337690631807
0.49092229484386346
0.49600580973129993
0.49600580973129993
0.48946986201888165
0.49455337690631807
0.49310094408133626
0.49310094408133626
0.49310094408133626
0.49600580973129993
0.49455337690631807
0.4916485112563544
0.49092229484386346
0.495279593318809
0.49455337690631807
0.49673202614379086
0.495279593318809
0.4916485112563544
0.4923747276688453
0.495279593318809
0.49455337690631807
0.49818445896877267
0.49673202614379086
0.495279593318809
0.4923747276688453
0.4974582425562818
0.49455337690631807
0.49673202614379086
0.49600580973129993
0.4916485112563544
0.49818445896877267
0.49092229484386346
0.49673202614379086
0.49600580973129993
0.4974582425562818
0.4989106753812636
0.49455337690631807
0.49455337690631807
0.49455337690631807
0.49455337690631807
0.4916485112563544
0.49019607843137253
0.49673202614379086
0.495279593318809
0.495279593318809
0.49455337690631807
0.49963689179375453
0.49673202614379086
0.495279593318809
0.495279593318809
0.49600580973129993
0.49455337690631807
0.4923747276688453
0.49382716049382713
0.4923747276688453
0.49673202614379086
0.49382716049382713
0.49818445896877267
0.49600580973129993
0.4923747276688453
0.4923747276688453
0.49673202614379086
0.495279593318809
0.4916485112563544
0.495279593318809
0.49673202614379086
0.49455337690631807
0.49382716049382713
0.49673202614379086
0.49963689179375453
0.4974582425562818
0.49382716049382713
0.49455337690631807
0.49310094408133626
0.4974582425562818
0.495279593318809
0.495279593318809
0.49673202614379086
0.4916485112563544
0.49092229484386346
0.49455337690631807
0.495279593318809
0.49382716049382713
0.4916485112563544
0.4923747276688453
0.495279593318809
0.49382716049382713
0.495279593318809
0.4974582425562818
0.49455337690631807
0.49382716049382713
0.4989106753812636
0.49455337690631807
0.49455337690631807
0.49092229484386346
0.49382716049382713
0.49382716049382713
0.495279593318809
0.5010893246187363
0.49673202614379086
0.49600580973129993
0.49310094408133626
0.49818445896877267
0.495279593318809
0.49673202614379086
0.4974582425562818
0.49092229484386346
0.4923747276688453
0.49963689179375453
0.49963689179375453
0.49455337690631807
0.4923747276688453
0.5003631082062454
0.49382716049382713
0.49455337690631807
0.4923747276688453
0.4974582425562818
0.4974582425562818
0.4923747276688453
0.5018155410312273
0.49382716049382713
0.49310094408133626
0.49455337690631807
0.49455337690631807
0.49818445896877267
0.48946986201888165
0.495279593318809
0.4989106753812636
0.49382716049382713
0.495279593318809
0.49310094408133626
0.49600580973129993
0.49600580973129993
0.49818445896877267
0.49382716049382713
0.49382716049382713
0.49310094408133626
0.4974582425562818
0.4974582425562818
0.49600580973129993
0.495279593318809
0.49092229484386346
0.49382716049382713
0.49310094408133626
0.495279593318809
0.4974582425562818
0.495279593318809
0.495279593318809
0.49818445896877267
0.49382716049382713
0.49673202614379086
0.49673202614379086
0.4916485112563544
0.49310094408133626
0.49310094408133626
0.49818445896877267
0.49310094408133626
0.49673202614379086
0.4916485112563544
0.49818445896877267
0.49455337690631807
0.49673202614379086
0.4974582425562818
0.49673202614379086
0.49455337690631807
0.49963689179375453
0.5025417574437182
0.49455337690631807
0.4916485112563544
0.4974582425562818
0.49310094408133626
0.49382716049382713
0.49600580973129993
0.49818445896877267
0.49382716049382713
0.49310094408133626
0.495279593318809
0.49310094408133626
0.4974582425562818
0.49455337690631807
0.49382716049382713
0.49382716049382713
0.49310094408133626
0.495279593318809
0.495279593318809
0.49455337690631807
0.48946986201888165
0.5003631082062454
0.49455337690631807
0.49310094408133626
0.5018155410312273
0.4923747276688453
0.4916485112563544
0.49382716049382713
0.49600580973129993
0.4974582425562818
0.49019607843137253
0.49382716049382713
0.4923747276688453
0.49455337690631807
0.49455337690631807
0.4916485112563544
0.49310094408133626
0.4923747276688453
0.4989106753812636
0.49600580973129993
0.4923747276688453
0.49600580973129993
0.495279593318809
0.5025417574437182
0.49818445896877267
0.495279593318809
0.49382716049382713
0.4974582425562818
0.495279593318809
0.4989106753812636
0.49382716049382713
0.5010893246187363
0.495279593318809
0.4916485112563544
0.49818445896877267
0.49382716049382713
0.49600580973129993
0.49092229484386346
0.4916485112563544
0.49310094408133626
0.4974582425562818
0.4923747276688453
0.495279593318809
0.4974582425562818
0.49455337690631807
0.4923747276688453
0.4974582425562818
0.49382716049382713
0.49455337690631807
0.49382716049382713
0.49600580973129993
0.49455337690631807
0.4974582425562818
0.49455337690631807
0.49600580973129993
0.495279593318809
0.49673202614379086
0.495279593318809
0.4974582425562818
0.4916485112563544
0.49600580973129993
0.49673202614379086
0.49673202614379086
0.4923747276688453
0.49963689179375453
0.49382716049382713
0.4974582425562818
0.49600580973129993
0.49673202614379086
0.49600580973129993
0.49382716049382713
0.49455337690631807
0.49455337690631807
0.49963689179375453
0.5025417574437182
0.4974582425562818
0.49310094408133626
0.49818445896877267
0.49673202614379086
0.49818445896877267
0.49382716049382713
0.49455337690631807
0.49455337690631807
0.49818445896877267
0.495279593318809
0.49455337690631807
0.495279593318809
0.5003631082062454
0.49673202614379086
0.49092229484386346
0.49600580973129993
0.49673202614379086
0.4974582425562818
0.495279593318809
0.4974582425562818
0.495279593318809
0.4916485112563544
0.4916485112563544
0.49382716049382713
0.4916485112563544
0.49310094408133626
0.49600580973129993
0.495279593318809
0.49382716049382713
0.495279593318809
0.49382716049382713
0.4974582425562818
0.49092229484386346
0.495279593318809
0.49818445896877267
0.49673202614379086
0.49818445896877267
0.495279593318809
0.49600580973129993
0.4923747276688453
0.4887436456063907
0.4923747276688453
0.49673202614379086
0.49673202614379086
0.49673202614379086
0.49382716049382713
0.49818445896877267
0.49455337690631807
0.495279593318809
0.49673202614379086
0.49673202614379086
0.49310094408133626
0.4989106753812636
0.49019607843137253
0.49455337690631807
0.49310094408133626
0.49310094408133626
0.49963689179375453
0.4989106753812636
0.49310094408133626
0.49019607843137253
0.49310094408133626
0.495279593318809
0.4923747276688453
0.49673202614379086
0.49092229484386346
0.49600580973129993
0.495279593318809
0.49310094408133626
0.49382716049382713
0.49818445896877267
0.49382716049382713
0.4916485112563544
0.49673202614379086
0.49455337690631807
0.49382716049382713
0.49455337690631807
0.49818445896877267
0.49455337690631807
0.49455337690631807
0.49310094408133626
0.4923747276688453
0.5010893246187363
