0.0
0.0
0.0
0.0
0.0
0.0
0.0
1.0E-4
1.5E-4
1.5E-4
4.0E-4
6.5E-4
5.501100220044008E-4
8.001600320064013E-4
6.50130026005201E-4
0.00100035012254289
0.0013007153934664066
0.0011508631473605203
0.0014012611350215194
0.0014515241003053205
0.0018519445417688573
0.0023530589766696704
0.002404809619238477
0.0029566524680531194
0.003408863043914177
0.00371467295818483
0.003770739064856712
0.004024954719259408
0.004381767816670864
0.005292338709677419
0.004847750340857446
0.005104361449436498
0.005414431737678372
0.006229425170929349
0.006039382866423061
0.006252541683611224
0.007480916030534351
0.007343566729562956
0.007048368149547985
0.006244241989968267
0.007481424545221624
0.0086198050282196
0.009159205516105794
0.008364744152424226
0.00812839761843127
0.008767379124299647
0.008736803785948308
0.010216847372810676
0.011499059167886265
0.011276026642890858
0.011581385554853654
0.012196409714889124
0.012447033898305085
0.01405462741978255
0.015260275429361408
0.015839155245053596
0.015186477059297022
0.013367830961621389
0.015180983252296056
0.015345407222643964
0.01533775698901338
0.015509802850745453
0.017915844838921762
0.017562210966747413
0.01659475605708596
0.019368444419779123
0.018442166258078894
0.019807520143240824
0.019076022733667212
0.019747637639336842
0.021272965132813834
0.021074332837017522
0.022196664749856237
0.0230635838150289
0.022921635929955202
0.021676723885406292
0.022795546916416328
0.02416918429003021
0.028066837129095558
0.0265210608424337
0.025321056457475163
0.024995427665670915
0.027022058823529413
0.025609379821042888
0.02795551966204883
0.026333896290736222
0.02943945766116377
0.030281957263876596
0.0320565929513734
0.03199691595990748
0.03251295336787565
0.03429167481582893
0.03595800524934383
0.03962426407355957
0.0380245923549853
0.03980334051724138
0.03935027864618731
0.03841668381697194
0.041827986725663714
0.04439480664526037
0.046659148576261626
0.04843994871064254
0.05034209578682031
0.049927113702623906
0.05240625922645409
0.050344105326152
0.04961629055542892
0.048132460531382364
0.05117619566910734
0.0499604743083004
0.052299584797189394
0.05369290573372206
0.05349524122087299
0.05679546968687542
0.05702682122006938
0.05658921375289377
0.054838709677419356
0.0561608645584197
0.0548659830904839
0.06037942356804086
0.06296879340679692
0.05976621417797889
0.06431297709923664
0.07032007759456838
0.07082963401400809
0.07135678391959799
0.07684436713394045
0.08382107023411371
0.0863960796846703
0.08763505402160865
0.08746225254445811
0.09209927140255009
0.09805971883350761
0.09623181492964465
0.09478847332924586
0.09881968859869412
0.09819457072347058
0.09612051726436475
0.09268359268359268
0.09631490787269682
0.09867199771526489
0.10187353629976581
0.10198555956678701
0.10684089162182936
0.1048962129614958
0.10230807006056637
0.10288412885815483
0.10521769177608846
0.10625884016973126
0.10855382384922073
0.1111111111111111
0.11264934572349707
0.11634241245136187
0.11495176848874598
0.11690721649484537
0.11346765641569459
0.11635014189041694
0.11382113821138211
0.11878453038674033
0.12407716122886402
0.1262848751835536
0.12237142133265771
0.11504192872117401
0.11845286059629331
0.1061529933481153
0.11998870694522869
0.12896652110625909
0.12621654501216545
0.12833385629118294
0.1288323548597521
0.12109905020352782
0.11974789915966387
0.11617806731813246
0.1245366938472943
0.1233295150820924
0.11977935382190702
0.11827515400410678
0.12028801355357899
0.12222705524140931
0.11392405063291139
0.13126159554730985
0.1282051282051282
0.12278978388998035
0.11910795742524075
0.11740041928721175
0.10729847494553377
0.10714285714285714
0.10659025787965616
0.10011848341232228
0.09239130434782608
0.09079829372333943
0.09760589318600368
0.08542713567839195
0.07989854153455929
0.08958068614993647
0.0933075933075933
0.087890625
0.08977719528178243
0.08471211118464593
0.08643617021276596
0.08573342263898191
0.087248322147651
0.09029649595687332
0.08683853459972862
0.08757637474541752
0.08947006194081211
0.09046961325966851
0.0867739678096571
0.08210526315789474
0.08227848101265822
0.080338266384778
0.080338266384778
0.0784452296819788
0.07703180212014134
0.0812720848056537
0.08065667380442541
0.07956989247311828
0.07830459770114942
0.07686781609195402
0.07902298850574713
0.0773121387283237
0.07592190889370933
0.07736804049168475
0.07664497469269703
0.07736804049168475
0.07736804049168475
0.07736804049168475
0.07736804049168475
0.07736804049168475
0.07881417208966016
0.07697893972403776
0.07625272331154684
0.07625272331154684
0.07697893972403776
0.07697893972403776
0.07697893972403776
0.07697893972403776
0.07697893972403776
0.07697893972403776
0.07625272331154684
0.07625272331154684
0.07625272331154684
0.07697893972403776
0.07697893972403776
0.07625272331154684
0.07625272331154684
0.07625272331154684
0.07625272331154684
0.07625272331154684
0.07697893972403776
0.07625272331154684
0.07625272331154684
0.07625272331154684
0.07697893972403776
0.07697893972403776
0.07625272331154684
0.07625272331154684
0.07697893972403776
0.07697893972403776
0.07625272331154684
0.07697893972403776
0.07625272331154684
0.07625272331154684
0.07697893972403776
0.07625272331154684
0.07625272331154684
0.07625272331154684
0.07697893972403776
0.07625272331154684
0.07625272331154684
0.07625272331154684
0.07625272331154684
0.07697893972403776
0.07697893972403776
0.07697893972403776
0.07625272331154684
0.07625272331154684
0.07697893972403776
0.07697893972403776
0.07625272331154684
0.07697893972403776
0.07697893972403776
0.07697893972403776
0.07625272331154684
0.07625272331154684
0.07697893972403776
0.07625272331154684
0.07697893972403776
0.07625272331154684
0.07625272331154684
0.07625272331154684
0.07697893972403776
0.07625272331154684
0.07697893972403776
0.07697893972403776
0.07625272331154684
0.07697893972403776
0.07625272331154684
0.07625272331154684
0.07697893972403776
0.07697893972403776
0.07625272331154684
0.07697893972403776
0.07625272331154684
0.07625272331154684
0.07697893972403776
0.07697893972403776
0.07625272331154684
0.07625272331154684
0.07697893972403776
0.07625272331154684
0.07625272331154684
0.07625272331154684
0.07625272331154684
0.07697893972403776
0.07697893972403776
0.07697893972403776
0.07625272331154684
0.07625272331154684
0.07625272331154684
0.07697893972403776
0.07625272331154684
0.07697893972403776
0.07625272331154684
0.07697893972403776
0.07697893972403776
0.07625272331154684
0.07625272331154684
0.07697893972403776
0.07625272331154684
0.07625272331154684
0.07697893972403776
0.07625272331154684
0.07625272331154684
0.07697893972403776
0.07625272331154684
0.07625272331154684
0.07697893972403776
0.07697893972403776
0.07625272331154684
0.07697893972403776
0.07697893972403776
0.07697893972403776
0.07697893972403776
0.07697893972403776
0.07697893972403776
0.07625272331154684
0.07625272331154684
0.07697893972403776
0.07625272331154684
0.07625272331154684
0.07625272331154684
0.07697893972403776
0.07625272331154684
0.07625272331154684
0.07697893972403776
0.07697893972403776
0.07625272331154684
0.07697893972403776
0.07697893972403776
0.07625272331154684
0.07625272331154684
0.07625272331154684
0.07697893972403776
0.07697893972403776
0.07697893972403776
0.07625272331154684
0.07625272331154684
0.07697893972403776
0.07697893972403776
0.07625272331154684
0.07697893972403776
0.07697893972403776
0.07697893972403776
0.07697893972403776
0.07625272331154684
0.07697893972403776
0.07697893972403776
0.07625272331154684
0.07625272331154684
0.07625272331154684
0.07625272331154684
0.07697893972403776
0.07625272331154684
0.07697893972403776
0.07625272331154684
0.07625272331154684
0.07625272331154684
0.07625272331154684
0.07625272331154684
0.07697893972403776
0.07625272331154684
0.07625272331154684
0.07625272331154684
0.07697893972403776
0.07697893972403776
0.07625272331154684
0.07625272331154684
0.07625272331154684
0.07697893972403776
0.07697893972403776
0.07697893972403776
0.07625272331154684
0.07625272331154684
0.07625272331154684
0.07625272331154684
0.07697893972403776
0.07697893972403776
0.07625272331154684
0.07697893972403776
0.07625272331154684
0.07697893972403776
0.07697893972403776
0.07697893972403776
0.07625272331154684
0.07625272331154684
0.07697893972403776
0.07697893972403776
0.07625272331154684
0.07697893972403776
0.07697893972403776
0.07697893972403776
0.07625272331154684
0.07697893972403776
0.07625272331154684
0.07697893972403776
0.07625272331154684
0.07625272331154684
0.07697893972403776
0.07625272331154684
0.07625272331154684
0.07625272331154684
0.07697893972403776
0.07625272331154684
0.07625272331154684
0.07697893972403776
0.07697893972403776
0.07697893972403776
0.07625272331154684
0.07625272331154684
0.07625272331154684
0.07697893972403776
0.07697893972403776
0.07625272331154684
0.07625272331154684
0.07625272331154684
0.07697893972403776
0.07697893972403776
0.07625272331154684
0.07697893972403776
0.07697893972403776
0.07697893972403776
0.07625272331154684
0.07625272331154684
0.07625272331154684
0.07625272331154684
0.07625272331154684
0.07697893972403776
0.07697893972403776
0.07625272331154684
0.07697893972403776
0.07625272331154684
0.07697893972403776
0.07625272331154684
0.07697893972403776
0.07625272331154684
0.07697893972403776
0.07625272331154684
0.07697893972403776
0.07697893972403776
0.07625272331154684
0.07625272331154684
0.07697893972403776
0.07697893972403776
0.07625272331154684
0.07625272331154684
0.07625272331154684
0.07697893972403776
0.07697893972403776
0.07697893972403776
0.07697893972403776
0.07625272331154684
0.07625272331154684
0.07625272331154684
0.07625272331154684
0.07697893972403776
0.07697893972403776
0.07697893972403776
0.07697893972403776
0.07625272331154684
0.07625272331154684
0.07625272331154684
0.07625272331154684
0.07697893972403776
0.07625272331154684
0.07697893972403776
0.07625272331154684
0.07697893972403776
0.07697893972403776
0.07625272331154684
0.07697893972403776
0.07625272331154684
0.07697893972403776
0.07625272331154684
0.07697893972403776
0.07697893972403776
0.07697893972403776
0.07697893972403776
0.07697893972403776
0.07625272331154684
0.07625272331154684
0.07625272331154684
0.07625272331154684
0.07625272331154684
0.07697893972403776
0.07697893972403776
0.07625272331154684
0.07697893972403776
0.07697893972403776
0.07625272331154684
0.07697893972403776
0.07625272331154684
0.07697893972403776
0.07697893972403776
0.07697893972403776
0.07697893972403776
0.07625272331154684
0.07625272331154684
0.07625272331154684
0.07625272331154684
0.07697893972403776
0.07697893972403776
0.07697893972403776
0.07625272331154684
0.07697893972403776
0.07697893972403776
0.07625272331154684
0.07625272331154684
0.07697893972403776
0.07625272331154684
0.07625272331154684
0.07625272331154684
0.07697893972403776
0.07697893972403776
0.07625272331154684
0.07697893972403776
0.07697893972403776
0.07697893972403776
0.07625272331154684
0.07697893972403776
0.07625272331154684
0.07697893972403776
0.07625272331154684
0.07697893972403776
0.07625272331154684
0.07625272331154684
0.07697893972403776
0.07625272331154684
0.07697893972403776
0.07697893972403776
0.07625272331154684
0.07697893972403776
0.07625272331154684
0.07697893972403776
0.07625272331154684
0.07625272331154684
0.07625272331154684
0.07625272331154684
0.07697893972403776
0.07625272331154684
0.07625272331154684
0.07625272331154684
0.07625272331154684
0.07625272331154684
0.07697893972403776
0.07625272331154684
0.07697893972403776
0.07697893972403776
0.07625272331154684
0.07697893972403776
0.07625272331154684
0.07625272331154684
0.07625272331154684
0.07625272331154684
0.07625272331154684
0.07697893972403776
0.07625272331154684
0.07697893972403776
0.07697893972403776
0.07697893972403776
0.07697893972403776
0.07697893972403776
0.07625272331154684
0.07625272331154684
0.07625272331154684
0.07697893972403776
0.07625272331154684
0.07625272331154684
0.07625272331154684
0.07625272331154684
0.07625272331154684
0.07697893972403776
0.07625272331154684
0.07697893972403776
0.07697893972403776
0.07697893972403776
0.07697893972403776
0.07625272331154684
0.07625272331154684
0.07625272331154684
0.07697893972403776
0.07625272331154684
0.07625272331154684
0.07697893972403776
0.07697893972403776
0.07625272331154684
0.07625272331154684
0.07697893972403776
0.07697893972403776
0.07697893972403776
0.07697893972403776
0.07697893972403776
0.07625272331154684
0.07697893972403776
0.07697893972403776
0.07625272331154684
0.07625272331154684
0.07697893972403776
0.07625272331154684
0.07625272331154684
0.07697893972403776
0.07625272331154684
0.07625272331154684
0.07697893972403776
0.07697893972403776
0.07697893972403776
0.07625272331154684
0.07697893972403776
0.07625272331154684
0.07625272331154684
0.07697893972403776
0.07697893972403776
0.07697893972403776
0.07625272331154684
0.07697893972403776
0.07625272331154684
0.07625272331154684
0.07697893972403776
0.07697893972403776
0.07697893972403776
0.07697893972403776
0.07697893972403776
0.07697893972403776
0.07697893972403776
0.07697893972403776
0.07625272331154684
0.07625272331154684
0.07697893972403776
0.07625272331154684
0.07697893972403776
0.07697893972403776
0.07625272331154684
0.07697893972403776
0.07625272331154684
0.07625272331154684
0.07697893972403776
0.07625272331154684
0.07625272331154684
0.07625272331154684
0.07625272331154684
0.07625272331154684
0.07625272331154684
0.07625272331154684
0.07625272331154684
0.07697893972403776
0.07625272331154684
0.07625272331154684
0.07697893972403776
0.07697893972403776
0.07625272331154684
0.07697893972403776
0.07697893972403776
0.07625272331154684
0.07697893972403776
0.07697893972403776
0.07625272331154684
0.07625272331154684
0.07697893972403776
0.07625272331154684
0.07697893972403776
0.07625272331154684
0.07697893972403776
0.07625272331154684
0.07697893972403776
0.07697893972403776
0.07697893972403776
0.07697893972403776
0.07697893972403776
0.07625272331154684
0.07625272331154684
0.07697893972403776
0.07625272331154684
0.07625272331154684
0.07697893972403776
0.07625272331154684
0.07625272331154684
0.07697893972403776
0.07697893972403776
0.07625272331154684
0.07625272331154684
0.07625272331154684
0.07697893972403776
0.07625272331154684
0.07697893972403776
0.07625272331154684
0.07625272331154684
0.07625272331154684
0.07625272331154684
0.07625272331154684
0.07697893972403776
0.07697893972403776
0.07697893972403776
0.07697893972403776
0.07697893972403776
0.07697893972403776
0.07697893972403776
0.07697893972403776
0.07625272331154684
0.07625272331154684
0.07625272331154684
0.07697893972403776
0.07625272331154684
0.07625272331154684
0.07697893972403776
0.07625272331154684
0.07625272331154684
0.07697893972403776
0.07697893972403776
0.07697893972403776
0.07625272331154684
0.07625272331154684
0.07697893972403776
0.07697893972403776
0.07625272331154684
0.07697893972403776
0.07625272331154684
0.07625272331154684
0.07697893972403776
0.07625272331154684
0.07625272331154684
0.07697893972403776
0.07625272331154684
0.07697893972403776
0.07697893972403776
0.07697893972403776
0.07697893972403776
0.07697893972403776
0.07625272331154684
0.07697893972403776
0.07625272331154684
0.07697893972403776
0.07625272331154684
0.07625272331154684
0.07625272331154684
0.07625272331154684
0.07697893972403776
0.07625272331154684
0.07625272331154684
0.07625272331154684
0.07697893972403776
0.07625272331154684
0.07625272331154684
0.07697893972403776
0.07625272331154684
0.07697893972403776
0.07625272331154684
0.07625272331154684
0.07625272331154684
0.07625272331154684
0.07625272331154684
0.07697893972403776
0.07697893972403776
0.07697893972403776
0.07625272331154684
0.07625272331154684
0.07697893972403776
0.07697893972403776
0.07697893972403776
0.07697893972403776
0.07697893972403776
0.07625272331154684
0.07625272331154684
0.07697893972403776
0.07697893972403776
0.07625272331154684
0.07625272331154684
0.07625272331154684
0.07697893972403776
0.07625272331154684
0.07697893972403776
0.07625272331154684
0.07697893972403776
0.07625272331154684
0.07697893972403776
0.07697893972403776
0.07697893972403776
0.07625272331154684
0.07697893972403776
0.07625272331154684
0.07697893972403776
0.07625272331154684
0.07625272331154684
0.07697893972403776
0.07625272331154684
0.07697893972403776
0.07625272331154684
0.07697893972403776
0.07697893972403776
0.07697893972403776
0.07625272331154684
0.07697893972403776
0.07697893972403776
0.07697893972403776
0.07625272331154684
0.07697893972403776
0.07697893972403776
0.07697893972403776
0.07625272331154684
0.07697893972403776
0.07625272331154684
0.07625272331154684
0.07625272331154684
0.07697893972403776
0.07625272331154684
0.07697893972403776
0.07625272331154684
0.07625272331154684
0.07625272331154684
0.07625272331154684
0.07697893972403776
0.07697893972403776
0.07697893972403776
0.07697893972403776
0.07625272331154684
0.07625272331154684
0.07697893972403776
0.07625272331154684
0.07697893972403776
0.07697893972403776
0.07697893972403776
0.07697893972403776
0.07697893972403776
0.07625272331154684
0.07697893972403776
0.07697893972403776
0.07697893972403776
0.07625272331154684
0.07697893972403776
0.07625272331154684
0.07625272331154684
0.07625272331154684
0.07625272331154684
0.07697893972403776
0.07625272331154684
0.07625272331154684
0.07697893972403776
0.07697893972403776
0.07697893972403776
0.07625272331154684
0.07697893972403776
0.07697893972403776
0.07697893972403776
0.07697893972403776
0.07625272331154684
0.07697893972403776
0.07697893972403776
0.07697893972403776
0.07697893972403776
0.07625272331154684
0.07625272331154684
0.07697893972403776
0.07697893972403776
0.07625272331154684
0.07697893972403776
0.07697893972403776
0.07625272331154684
0.07625272331154684
0.07625272331154684
0.07625272331154684
0.07697893972403776
0.07625272331154684
0.07625272331154684
0.07697893972403776
0.07697893972403776
0.07697893972403776
0.07625272331154684
0.07697893972403776
0.07625272331154684
0.07697893972403776
0.07697893972403776
0.07697893972403776
0.07697893972403776
0.07697893972403776
0.07625272331154684
0.07625272331154684
0.07697893972403776
0.07625272331154684
0.07697893972403776
0.07697893972403776
0.07625272331154684
0.07697893972403776
0.07625272331154684
0.07697893972403776
0.07625272331154684
0.07697893972403776
0.07625272331154684
0.07697893972403776
0.07697893972403776
0.07625272331154684
0.07625272331154684
0.07625272331154684
0.07697893972403776
0.07625272331154684
0.07625272331154684
0.07697893972403776
0.07697893972403776
0.07697893972403776
0.07625272331154684
0.07625272331154684
0.07697893972403776
0.07625272331154684
0.07625272331154684
0.07625272331154684
0.07625272331154684
0.07697893972403776
0.07625272331154684
0.07697893972403776
0.07697893972403776
0.07697893972403776
0.07697893972403776
0.07697893972403776
0.07625272331154684
0.07697893972403776
0.07625272331154684
0.07625272331154684
0.07697893972403776
0.07625272331154684
0.07697893972403776
0.07697893972403776
0.07625272331154684
0.07625272331154684
0.07697893972403776
0.07625272331154684
0.07697893972403776
0.07625272331154684
0.07697893972403776
0.07697893972403776
0.07625272331154684
0.07697893972403776
0.07625272331154684
0.07697893972403776
0.07697893972403776
0.07625272331154684
0.07697893972403776
0.07697893972403776
0.07697893972403776
0.07697893972403776
0.07625272331154684
0.07625272331154684
0.07697893972403776
0.07697893972403776
0.07625272331154684
0.07697893972403776
0.07697893972403776
0.07625272331154684
0.07625272331154684
0.07625272331154684
0.07625272331154684
0.07697893972403776
0.07697893972403776
0.07697893972403776
0.07697893972403776
0.07697893972403776
0.07697893972403776
0.07697893972403776
0.07625272331154684
0.07697893972403776
0.07625272331154684
0.07697893972403776
0.07697893972403776
0.07697893972403776
0.07625272331154684
0.07625272331154684
0.07625272331154684
0.07697893972403776
0.07625272331154684
0.07625272331154684
0.07625272331154684
0.07625272331154684
0.07697893972403776
0.07697893972403776
0.07625272331154684
0.07697893972403776
0.07625272331154684
0.07697893972403776
0.07697893972403776
0.07697893972403776
0.07625272331154684
0.07625272331154684
0.07697893972403776
0.07697893972403776
0.07625272331154684
0.07697893972403776
0.07625272331154684
0.07625272331154684
0.07697893972403776
0.07625272331154684
0.07697893972403776
0.07697893972403776
0.07697893972403776
0.07625272331154684
0.07625272331154684
0.07625272331154684
0.07697893972403776
0.07697893972403776
0.07625272331154684
0.07697893972403776
0.07697893972403776
0.07625272331154684
0.07697893972403776
0.07697893972403776
0.07625272331154684
0.07697893972403776
0.07625272331154684
0.07625272331154684
0.07697893972403776
0.07625272331154684
0.07625272331154684
0.07625272331154684
0.07625272331154684
0.07697893972403776
0.07697893972403776
0.07697893972403776
0.07697893972403776
0.07697893972403776
0.07625272331154684
0.07697893972403776
0.07697893972403776
0.07625272331154684
0.07697893972403776
0.07625272331154684
0.07625272331154684
0.07697893972403776
0.07697893972403776
0.07697893972403776
0.07697893972403776
0.07625272331154684
0.07697893972403776
0.07625272331154684
0.07625272331154684
0.07625272331154684
0.07625272331154684
0.07697893972403776
0.07697893972403776
0.07697893972403776
0.07697893972403776
0.07697893972403776
0.07625272331154684
0.07625272331154684
0.07625272331154684
0.07625272331154684
0.07697893972403776
0.07697893972403776
0.07697893972403776
0.07625272331154684
0.07697893972403776
0.07697893972403776
0.07625272331154684
0.07697893972403776
0.07697893972403776
0.07625272331154684
0.07625272331154684
0.07697893972403776
0.07625272331154684
0.07625272331154684
0.07697893972403776
0.07625272331154684
0.07697893972403776
0.07625272331154684
0.07697893972403776
0.07697893972403776
0.07625272331154684
0.07625272331154684
0.07625272331154684
0.07697893972403776
0.07625272331154684
0.07697893972403776
0.07697893972403776
0.07697893972403776
0.07625272331154684
0.07625272331154684
0.07625272331154684
0.07625272331154684
0.07697893972403776
0.07697893972403776
0.07625272331154684
0.07625272331154684
0.07625272331154684
0.07697893972403776
0.07625272331154684
0.07625272331154684
0.07697893972403776
0.07697893972403776
0.07625272331154684
0.07625272331154684
0.07697893972403776
0.07697893972403776
0.07625272331154684
0.07697893972403776
0.07697893972403776
0.07697893972403776
0.07697893972403776
0.07697893972403776
0.07625272331154684
0.07697893972403776
0.07697893972403776
0.07625272331154684
0.07625272331154684
0.07697893972403776
0.07625272331154684
0.07625272331154684
0.07697893972403776
0.07625272331154684
0.07697893972403776
0.07625272331154684
0.07697893972403776
0.07625272331154684
0.07625272331154684
0.07625272331154684
0.07697893972403776
0.07625272331154684
0.07625272331154684
0.07625272331154684
0.07625272331154684
0.07625272331154684
0.07697893972403776
0.07697893972403776
0.07697893972403776
0.07625272331154684
0.07697893972403776
0.07625272331154684
0.07625272331154684
0.07697893972403776
0.07697893972403776
0.07697893972403776
0.07625272331154684
0.07625272331154684
0.07625272331154684
0.07625272331154684
0.07697893972403776
0.07625272331154684
0.07625272331154684
0.07697893972403776
0.07697893972403776
0.07625272331154684
0.07625272331154684
0.07625272331154684
0.07697893972403776
0.07625272331154684
0.07625272331154684
0.07697893972403776
0.07625272331154684
0.07697893972403776
0.07697893972403776
0.07697893972403776
0.07697893972403776
0.07697893972403776
0.07697893972403776
0.07625272331154684
0.07625272331154684
0.07625272331154684
0.07697893972403776
0.07697893972403776
0.07697893972403776
0.07697893972403776
0.07625272331154684
0.07697893972403776
0.07625272331154684
0.07625272331154684
0.07697893972403776
0.07625272331154684
0.07697893972403776
0.07697893972403776
0.07625272331154684
0.07625272331154684
0.07625272331154684
0.07697893972403776
0.07697893972403776
0.07625272331154684
0.07697893972403776
0.07625272331154684
0.07697893972403776
0.07625272331154684
0.07697893972403776
0.07625272331154684
0.07625272331154684
0.07697893972403776
0.07625272331154684
0.07697893972403776
0.07625272331154684
0.07697893972403776
0.07625272331154684
0.07697893972403776
0.07697893972403776
0.07697893972403776
0.07625272331154684
0.07625272331154684
0.07625272331154684
0.07697893972403776
0.07625272331154684
0.07697893972403776
0.07697893972403776
0.07625272331154684
0.07697893972403776
0.07625272331154684
0.07625272331154684
0.07625272331154684
0.07697893972403776
0.07697893972403776
0.07697893972403776
0.07697893972403776
