40000.0
40000.0
40000.0
40000.0
39996.4
39996.4
39992.8
39985.2
39974.2
39974.2
39958.8
39943.399999999994
39932.2
39909.6
39906.600000000006
39875.8
39852.2
39832.2
39814.399999999994
39806.399999999994
39765.2
39736.999999999985
39709.7
39654.299999999974
39589.899999999994
39531.09999999998
39460.79999999996
39410.19999999996
39337.09999999996
39258.499999999956
39193.499999999956
39145.19999999997
39072.39999999995
38979.39999999998
38890.09999999998
38814.499999999956
38712.59999999993
38617.69999999993
38535.49999999993
38491.799999999945
38363.599999999926
38259.699999999924
38122.299999999916
38021.199999999924
37904.6999999999
37785.599999999904
37678.299999999916
37525.09999999989
37350.599999999875
37183.79999999987
36993.99999999988
36858.199999999866
36724.79999999986
36567.09999999992
36409.99999999991
36264.4999999999
36065.89999999989
35953.69999999991
35763.19999999988
35630.399999999885
35505.99999999991
35336.69999999988
35116.4999999999
34952.89999999989
34796.399999999885
34579.49999999987
34427.59999999989
34219.699999999924
33995.49999999993
33797.49999999993
33500.49999999991
33269.99999999993
33058.499999999956
32835.39999999996
32608.999999999956
32374.69999999994
32126.09999999996
31914.599999999937
31582.999999999924
31362.599999999933
31095.499999999913
30892.499999999924
30631.199999999935
30410.899999999965
30111.399999999958
29884.599999999944
29658.59999999998
29370.299999999974
29068.29999999998
28794.600000000017
28501.700000000048
28199.50000000003
27936.80000000004
27581.599999999995
27323.000000000015
27044.300000000032
26737.300000000057
26450.900000000063
26087.200000000073
25762.700000000128
25431.100000000122
25056.400000000092
24718.70000000013
24414.000000000084
24049.700000000095
23776.300000000156
23396.000000000167
23086.500000000142
22741.100000000166
22392.600000000184
22069.400000000172
21677.100000000224
21397.100000000242
20983.400000000194
20575.500000000215
20280.700000000197
19936.90000000022
19554.10000000024
19249.30000000022
18842.700000000255
18432.600000000275
18121.900000000263
17693.200000000263
17253.90000000028
16926.400000000245
16544.10000000026
16061.300000000241
15563.700000000246
15094.600000000242
14689.600000000257
14306.500000000224
13907.000000000202
13523.500000000211
13173.500000000215
12824.500000000207
12426.20000000021
12046.400000000192
11703.300000000188
11432.800000000163
11104.800000000148
10750.200000000157
10433.300000000152
10137.300000000127
9799.300000000118
9503.400000000103
9232.80000000009
8907.300000000067
8649.800000000054
8431.500000000036
8157.700000000028
7907.500000000015
7707.400000000016
7444.199999999997
7220.399999999991
6961.299999999985
6764.2999999999765
6537.199999999967
6327.899999999971
6114.299999999964
5876.3999999999605
5690.099999999954
5510.499999999957
5364.399999999955
5183.399999999957
5045.0999999999585
4853.399999999957
4597.0999999999485
4413.099999999943
4238.399999999948
4074.7999999999493
3948.09999999995
3823.7999999999547
3713.999999999958
3577.3999999999564
3471.4999999999613
3358.299999999962
3243.699999999968
3109.9999999999695
2995.599999999972
2918.299999999971
2767.6999999999707
2693.6999999999725
2626.999999999974
2563.3999999999787
2493.1999999999784
2426.59999999998
2374.6999999999825
2319.6999999999844
2263.0999999999863
2251.7999999999847
2231.599999999986
2198.399999999986
2186.5999999999867
2184.699999999987
2155.8999999999864
2116.8999999999874
2108.9999999999886
2085.8999999999883
2084.6999999999884
2070.2999999999893
2063.0999999999885
2053.9999999999895
2033.999999999989
2034.0999999999888
2021.9999999999893
1998.8999999999899
1987.7999999999895
1979.099999999989
1968.8999999999896
1979.0999999999897
1978.1999999999894
1968.2999999999897
1971.6999999999898
1984.6999999999903
1965.49999999999
1957.6999999999905
1946.099999999991
1945.899999999991
1949.8999999999908
1938.499999999991
1937.4999999999905
1935.8999999999905
1939.099999999991
1934.7999999999904
1938.1999999999907
1937.2999999999909
1934.5999999999908
1939.999999999991
1930.9999999999907
1927.8999999999905
1932.699999999991
1935.599999999991
1929.2999999999909
1925.499999999991
1930.8999999999905
1923.6999999999912
1929.9999999999911
1927.299999999991
1923.6999999999912
1930.1999999999912
1931.0999999999908
1928.3999999999905
1925.499999999991
1931.799999999991
1929.299999999991
1932.8999999999908
1923.899999999991
1929.2999999999909
1931.9999999999907
1932.699999999991
1931.0999999999908
1932.8999999999908
1930.1999999999907
1928.1999999999914
1929.0999999999904
1935.5999999999906
1930.1999999999905
1930.8999999999908
1927.2999999999909
1932.899999999991
1930.899999999991
1930.1999999999907
1932.8999999999905
1929.9999999999907
1929.299999999991
1927.499999999991
1931.9999999999911
1931.799999999991
1929.2999999999909
1929.2999999999909
1927.4999999999907
1927.4999999999914
1931.799999999991
1925.499999999991
1928.199999999991
1930.1999999999912
1933.7999999999909
1926.399999999991
1927.2999999999906
1924.7999999999909
1926.399999999991
1932.699999999991
1923.699999999991
1927.4999999999907
1929.2999999999909
1935.3999999999908
1928.3999999999912
1927.2999999999904
1930.199999999991
1930.1999999999907
1930.1999999999912
1923.6999999999912
1934.6999999999912
1932.699999999991
1929.0999999999906
1929.2999999999909
1931.7999999999909
1930.199999999991
1931.0999999999908
1925.499999999991
1930.8999999999908
1925.6999999999907
1922.799999999991
1931.9999999999911
1929.2999999999909
1930.8999999999905
1927.2999999999909
1929.2999999999906
1937.3999999999912
1933.599999999991
1931.9999999999911
1932.8999999999908
1929.2999999999906
1932.8999999999908
1930.8999999999908
1922.7999999999909
1930.899999999991
1931.099999999991
1928.3999999999912
1927.4999999999907
1929.0999999999908
1931.9999999999911
1925.4999999999907
1933.7999999999909
1926.399999999991
1929.9999999999911
1931.999999999991
1930.1999999999905
1927.2999999999909
1931.999999999991
1934.6999999999907
1926.399999999991
1937.3999999999905
1929.2999999999909
1923.6999999999912
1927.4999999999907
1935.599999999991
1929.999999999991
1926.3999999999908
1931.0999999999913
1930.8999999999912
1929.9999999999914
1931.7999999999909
1924.5999999999906
1929.9999999999911
1928.1999999999907
1923.899999999991
1936.4999999999911
1923.699999999991
1931.099999999991
1931.0999999999908
1933.799999999991
1927.2999999999909
1931.9999999999905
1929.2999999999909
1933.5999999999908
1925.499999999991
1931.0999999999908
1930.899999999991
1927.2999999999909
1930.1999999999907
1934.6999999999905
1924.7999999999909
1926.3999999999912
1931.7999999999906
1927.2999999999913
1929.2999999999906
1929.2999999999909
1932.699999999991
1929.9999999999911
1930.199999999991
1928.199999999991
1929.099999999991
1931.7999999999909
1931.7999999999909
1933.7999999999906
1927.2999999999906
1929.0999999999908
1930.1999999999907
1928.3999999999908
1931.0999999999906
1934.699999999991
1928.1999999999912
1929.2999999999913
1932.6999999999912
1931.999999999991
1926.599999999991
1926.599999999991
1928.3999999999912
1931.0999999999908
1925.4999999999911
1933.7999999999906
1931.999999999991
1927.4999999999907
1929.9999999999911
1927.299999999991
1934.6999999999905
1927.4999999999911
1934.699999999991
1927.2999999999909
1930.8999999999912
1928.199999999991
1927.499999999991
1934.699999999991
1932.899999999991
1932.899999999991
1924.5999999999908
1926.399999999991
1930.199999999991
1927.2999999999913
1930.1999999999907
1929.999999999991
1929.099999999991
1925.4999999999907
1931.999999999991
1931.0999999999908
1927.2999999999909
1927.2999999999909
1929.2999999999909
1931.7999999999909
1931.799999999991
1922.7999999999909
1927.499999999991
1929.999999999991
1926.5999999999908
1928.1999999999907
1929.2999999999909
1926.5999999999908
1931.799999999991
1926.599999999991
1928.3999999999908
1928.3999999999905
1921.899999999991
1923.8999999999905
1927.4999999999911
1935.3999999999908
1929.9999999999911
1932.6999999999912
1928.399999999991
1925.699999999991
1928.399999999991
1925.499999999991
1922.7999999999913
1924.7999999999909
1926.599999999991
1931.9999999999914
1925.4999999999907
1927.2999999999906
1925.6999999999912
1932.6999999999907
1925.499999999991
1929.999999999991
1928.3999999999912
1926.599999999991
1931.9999999999907
1930.199999999991
1932.8999999999908
1925.4999999999907
1927.2999999999913
1932.899999999991
1928.1999999999907
1931.9999999999905
1924.5999999999908
1933.7999999999909
1929.0999999999908
1931.0999999999906
1926.399999999991
1928.399999999991
1927.2999999999909
1932.6999999999905
1931.999999999991
1932.8999999999908
1929.9999999999911
1927.2999999999909
1929.2999999999909
1928.3999999999905
1925.6999999999907
1929.0999999999908
1929.0999999999913
1930.8999999999908
1927.299999999991
1931.999999999991
1931.9999999999907
1927.499999999991
1932.8999999999905
1929.0999999999908
1931.7999999999909
1927.2999999999909
1928.1999999999907
1925.6999999999912
1931.999999999991
1933.7999999999906
1931.0999999999908
1929.0999999999908
1928.3999999999912
1927.2999999999909
1925.6999999999907
1930.8999999999908
1934.499999999991
1924.7999999999909
1930.8999999999912
1927.4999999999907
1927.2999999999906
1928.399999999991
1927.2999999999906
1927.2999999999909
1924.5999999999908
1929.0999999999908
1927.2999999999909
1931.999999999991
1931.0999999999908
1930.199999999991
1932.899999999991
1928.3999999999908
1924.5999999999906
1930.8999999999905
1931.0999999999913
1924.5999999999906
1929.0999999999908
1933.7999999999909
1929.9999999999907
1926.5999999999908
1923.699999999991
1929.999999999991
1928.1999999999905
1926.399999999991
1926.599999999991
1931.0999999999908
1926.5999999999908
1929.2999999999909
1932.699999999991
1926.399999999991
1929.0999999999908
1928.3999999999905
1931.7999999999909
1934.4999999999911
1926.5999999999906
1932.8999999999908
1922.7999999999909
1933.7999999999906
1929.299999999991
1926.5999999999908
1926.3999999999905
1925.499999999991
1931.9999999999905
1926.3999999999908
1931.799999999991
1928.199999999991
1926.5999999999908
1930.8999999999905
1929.299999999991
1930.899999999991
1923.8999999999908
1926.399999999991
1929.2999999999906
1930.199999999991
1936.2999999999906
1932.8999999999905
1928.1999999999907
1922.7999999999909
1938.299999999991
1926.3999999999908
1932.8999999999905
1928.1999999999907
1922.9999999999911
1931.0999999999908
1932.899999999991
1924.7999999999906
1925.499999999991
1931.9999999999911
1931.0999999999906
1933.7999999999909
1928.3999999999905
1930.199999999991
1932.6999999999912
1928.3999999999908
1929.9999999999911
1920.9999999999907
1933.7999999999909
1923.699999999991
1927.4999999999907
1928.399999999991
1927.499999999991
1925.699999999991
1927.4999999999911
1928.1999999999912
1927.4999999999911
1929.999999999991
1923.6999999999907
1926.3999999999905
1928.199999999991
1922.799999999991
1930.199999999991
1929.2999999999909
1930.1999999999912
1925.499999999991
1931.9999999999911
1929.2999999999909
1929.299999999991
1930.1999999999907
1925.6999999999907
1926.399999999991
1928.399999999991
1929.9999999999907
1926.3999999999912
1927.2999999999906
1930.8999999999905
1925.6999999999907
1931.0999999999908
1927.499999999991
1927.299999999991
1931.0999999999908
1933.7999999999909
1928.1999999999907
1928.199999999991
1933.7999999999906
1929.2999999999909
1924.5999999999908
1925.4999999999911
1928.1999999999907
1933.5999999999908
1933.599999999991
1926.5999999999913
1930.8999999999908
1921.899999999991
1931.0999999999906
1931.9999999999911
1925.499999999991
1932.899999999991
1924.7999999999909
1932.6999999999907
1929.2999999999909
1925.6999999999907
1933.5999999999908
1931.7999999999909
1928.199999999991
1930.1999999999914
1925.499999999991
1934.6999999999907
1931.0999999999908
1929.999999999991
1928.199999999991
1924.5999999999908
1926.5999999999906
1928.1999999999907
1932.8999999999908
1930.1999999999905
1929.9999999999911
1930.8999999999905
1923.6999999999907
1929.999999999991
1928.1999999999905
1928.199999999991
1923.699999999991
1927.2999999999906
1928.3999999999908
1933.7999999999909
1928.199999999991
1925.699999999991
1925.499999999991
1922.7999999999909
1932.8999999999912
1927.2999999999909
1925.699999999991
1931.9999999999907
1930.8999999999908
1930.1999999999907
1937.399999999991
1931.099999999991
1927.499999999991
1933.7999999999904
1930.1999999999912
1929.2999999999906
1926.5999999999908
1928.1999999999907
1930.1999999999907
1925.6999999999907
1927.299999999991
1931.799999999991
1926.599999999991
1929.999999999991
1931.799999999991
1931.099999999991
1928.1999999999905
1924.599999999991
1930.199999999991
1932.8999999999908
1925.499999999991
1929.299999999991
1929.9999999999907
1927.499999999991
1925.4999999999907
1930.199999999991
1928.199999999991
1928.199999999991
1927.299999999991
1929.099999999991
1928.199999999991
1927.4999999999911
1932.899999999991
1925.4999999999907
1929.2999999999909
1930.199999999991
1929.9999999999905
1932.8999999999905
1932.8999999999905
1934.499999999991
1926.3999999999908
1931.9999999999907
1931.0999999999908
1931.999999999991
1928.199999999991
1928.3999999999905
1926.399999999991
1933.7999999999909
1936.499999999991
1928.3999999999908
1927.4999999999907
1925.6999999999907
1930.8999999999908
1929.0999999999913
1924.5999999999908
1925.499999999991
1929.9999999999905
1931.7999999999909
1923.6999999999907
1930.8999999999908
1931.9999999999907
1939.199999999991
1935.5999999999906
1925.499999999991
1928.3999999999908
1929.299999999991
1929.9999999999907
1926.5999999999906
1931.099999999991
1923.6999999999912
1927.2999999999909
1930.8999999999908
1926.599999999991
1932.8999999999908
1927.2999999999909
1926.3999999999908
1933.799999999991
1929.0999999999908
1934.6999999999912
1931.999999999991
1928.199999999991
1927.499999999991
1928.399999999991
1931.7999999999909
1930.199999999991
1925.4999999999907
1924.5999999999913
1929.999999999991
1927.2999999999909
1933.599999999991
1928.399999999991
1929.9999999999914
1931.999999999991
1929.0999999999913
1928.3999999999908
1927.499999999991
1928.399999999991
1935.5999999999906
1926.399999999991
1930.1999999999912
1929.2999999999904
1931.9999999999911
1932.699999999991
1931.0999999999908
1930.1999999999907
1931.799999999991
1937.3999999999908
1924.5999999999908
1930.199999999991
1924.7999999999909
1934.699999999991
1930.1999999999907
1927.499999999991
1924.599999999991
1929.0999999999908
1929.0999999999908
1929.2999999999909
1933.7999999999909
1927.299999999991
1930.8999999999908
1923.699999999991
1929.999999999991
1929.099999999991
1935.5999999999908
1928.3999999999908
1925.499999999991
1928.1999999999912
1932.899999999991
1933.7999999999909
1934.6999999999907
1930.8999999999912
1926.599999999991
1930.8999999999908
1929.2999999999909
1928.1999999999907
1928.3999999999905
1929.0999999999906
1929.9999999999907
1926.3999999999908
1935.5999999999908
1928.1999999999912
1934.6999999999912
1929.9999999999911
1925.6999999999907
1933.7999999999906
1925.499999999991
1933.7999999999909
1927.2999999999909
1929.299999999991
1935.3999999999908
1934.499999999991
1932.6999999999905
1924.799999999991
1926.3999999999912
1925.499999999991
1927.2999999999909
1933.7999999999913
1928.1999999999905
1931.7999999999909
1928.1999999999912
1930.1999999999907
1929.9999999999907
1931.9999999999907
1928.399999999991
1932.899999999991
1925.4999999999907
1925.6999999999907
1929.0999999999908
1928.3999999999912
1925.6999999999907
1931.0999999999908
1932.8999999999908
1923.699999999991
1932.699999999991
1924.5999999999908
1929.9999999999907
1929.2999999999913
1924.7999999999909
1929.9999999999911
1930.199999999991
1929.099999999991
1933.5999999999908
1927.2999999999906
1937.1999999999912
1931.7999999999909
1926.5999999999908
1924.5999999999908
1926.399999999991
1929.9999999999907
1931.999999999991
1923.6999999999907
1926.5999999999908
1930.1999999999914
1927.499999999991
1924.7999999999906
1930.899999999991
1929.2999999999909
1932.8999999999908
1923.699999999991
1925.4999999999914
1931.7999999999909
1928.3999999999908
1928.199999999991
1924.599999999991
1924.5999999999908
1932.699999999991
1927.4999999999907
1931.7999999999909
1929.0999999999908
1925.499999999991
1928.199999999991
1931.999999999991
1926.5999999999908
1922.7999999999909
1929.9999999999907
1928.399999999991
1929.0999999999908
1927.2999999999909
1930.1999999999907
1929.2999999999909
1931.099999999991
1935.599999999991
1927.2999999999906
1929.2999999999906
1937.399999999991
1929.0999999999906
1930.8999999999908
1930.899999999991
1932.899999999991
1927.2999999999909
1931.0999999999908
1932.699999999991
1933.599999999991
1928.1999999999905
1929.099999999991
1926.399999999991
1930.199999999991
1934.699999999991
1931.7999999999909
1930.199999999991
1929.099999999991
1924.599999999991
1928.3999999999908
1928.1999999999907
1933.799999999991
1925.499999999991
1931.099999999991
1926.399999999991
1929.2999999999915
1932.6999999999907
1924.5999999999908
1935.5999999999906
1928.399999999991
1929.2999999999909
1925.499999999991
1925.699999999991
1931.0999999999915
1929.099999999991
1929.0999999999908
1929.0999999999908
1934.6999999999912
1936.4999999999911
1926.3999999999908
1930.1999999999907
1930.1999999999905
1931.0999999999908
1924.7999999999909
1926.399999999991
1930.1999999999907
1928.1999999999907
1927.2999999999906
1929.099999999991
1931.799999999991
1929.999999999991
1933.799999999991
1926.399999999991
1931.9999999999907
1926.599999999991
1927.2999999999909
1933.799999999991
1931.7999999999909
1926.3999999999908
1930.1999999999907
1934.6999999999907
1928.1999999999912
1928.3999999999905
1929.0999999999908
1931.9999999999907
1926.3999999999908
1922.799999999991
1927.4999999999907
1929.999999999991
1931.0999999999904
1930.8999999999908
1925.499999999991
1930.199999999991
1928.1999999999912
1926.3999999999912
1932.6999999999907
1933.599999999991
1931.099999999991
1930.1999999999907
1929.999999999991
1932.699999999991
1933.7999999999906
1928.1999999999907
1929.999999999991
1930.1999999999912
1927.499999999991
1931.099999999991
1931.999999999991
1923.699999999991
1929.099999999991
1929.0999999999908
1933.5999999999908
1929.9999999999907
1929.999999999991
1928.199999999991
1922.9999999999907
1926.399999999991
1929.2999999999909
1930.8999999999908
1924.5999999999908
1928.1999999999907
1928.399999999991
1927.499999999991
1935.599999999991
1931.7999999999906
1924.7999999999909
1924.7999999999909
1931.0999999999908
1933.7999999999909
1921.8999999999908
1929.9999999999907
1931.0999999999906
1931.7999999999909
1927.4999999999911
1925.4999999999914
1931.7999999999909
1920.0999999999908
1931.999999999991
1932.899999999991
1929.099999999991
1929.0999999999913
1926.5999999999908
1935.399999999991
1930.1999999999912
1925.6999999999905
1929.9999999999907
1930.1999999999912
1930.899999999991
1927.299999999991
1927.299999999991
1926.599999999991
1931.9999999999911
1931.9999999999914
1930.899999999991
1925.4999999999911
1927.4999999999911
1927.299999999991
1928.1999999999905
1935.5999999999908
1929.999999999991
1930.8999999999912
1930.1999999999905
1925.4999999999907
1930.1999999999912
1930.199999999991
1924.5999999999908
1931.999999999991
1928.3999999999905
1928.3999999999912
1934.699999999991
1930.8999999999912
1930.899999999991
1924.5999999999913
1930.8999999999908
1926.399999999991
1934.6999999999907
1924.5999999999906
1929.0999999999908
1928.3999999999912
1925.4999999999911
1928.399999999991
1931.099999999991
1922.799999999991
1919.1999999999912
1929.0999999999906
1932.699999999991
1927.4999999999911
1930.899999999991
1931.9999999999907
1929.2999999999913
1926.599999999991
1931.9999999999907
1930.8999999999912
1928.199999999991
1930.899999999991
1925.499999999991
1929.0999999999908
1931.9999999999907
1931.9999999999911
1932.8999999999912
1930.1999999999907
1928.1999999999907
1929.099999999991
1935.3999999999908
1923.899999999991
1929.099999999991
1930.8999999999908
1922.0999999999908
1931.7999999999906
1932.699999999991
1931.9999999999907
1929.299999999991
1925.4999999999907
1936.499999999991
1931.9999999999907
1931.799999999991
1931.099999999991
1929.0999999999908
1934.6999999999907
1930.8999999999908
1931.7999999999909
1925.6999999999907
1929.2999999999909
1933.7999999999909
1927.2999999999909
1930.199999999991
1919.1999999999907
1924.599999999991
1928.1999999999907
1931.9999999999911
1927.4999999999905
1930.1999999999907
1925.6999999999912
1929.999999999991
1920.999999999991
1930.199999999991
1934.699999999991
1926.5999999999913
1929.999999999991
1929.2999999999906
1935.5999999999908
1932.699999999991
1930.899999999991
1927.4999999999907
1933.7999999999909
1928.1999999999907
1925.499999999991
1931.0999999999908
1931.7999999999913
1925.4999999999907
1929.999999999991
1929.099999999991
1929.9999999999907
1929.2999999999913
1929.0999999999908
1925.4999999999905
1931.0999999999908
1929.2999999999909
1928.1999999999912
1928.3999999999912
1930.199999999991
1925.4999999999907
1934.6999999999905
1927.2999999999909
1928.399999999991
1926.3999999999908
1933.7999999999906
1924.7999999999909
1931.9999999999911
1925.4999999999907
1929.2999999999909
1928.3999999999908
1929.2999999999906
1931.999999999991
1931.0999999999913
1929.0999999999908
1922.7999999999906
1919.1999999999907
1927.4999999999907
1930.8999999999908
1926.599999999991
1928.399999999991
1924.5999999999913
1929.9999999999911
1929.0999999999908
1931.0999999999908
1926.5999999999908
1930.1999999999912
1931.099999999991
1928.199999999991
1923.8999999999908
1928.399999999991
1933.5999999999908
1927.2999999999906
1928.3999999999908
1927.4999999999914
1930.1999999999907
1925.499999999991
1930.199999999991
1934.6999999999912
1932.699999999991
1931.999999999991
1932.699999999991
1930.8999999999908
1927.299999999991
1928.199999999991
1929.9999999999911
1928.1999999999907
1931.999999999991
1927.499999999991
1935.5999999999906
1928.199999999991
1924.5999999999908
1926.399999999991
1924.5999999999913
1930.199999999991
1927.299999999991
1933.7999999999909
1938.299999999991
1931.7999999999909
1928.399999999991
1926.3999999999905
1926.399999999991
1931.999999999991
1926.599999999991
1931.099999999991
1928.199999999991
1926.399999999991
1928.3999999999908
1930.899999999991
1925.6999999999912
1934.499999999991
1931.0999999999908
1930.8999999999905
1932.8999999999905
1924.7999999999909
1923.699999999991
1932.8999999999908
1934.4999999999911
1932.8999999999912
1928.199999999991
1933.7999999999906
1926.3999999999908
1933.5999999999906
1927.299999999991
1930.199999999991
1932.899999999991
1931.9999999999907
1924.5999999999908
1931.9999999999907
1932.699999999991
1926.3999999999908
1931.0999999999908
1929.9999999999907
1931.0999999999908
1926.5999999999913
1931.0999999999906
1929.0999999999908
1930.8999999999908
1931.799999999991
1920.999999999991
