0.9998
0.9995
0.99935
0.99925
0.99935
0.9987
0.99835
0.99825
0.99785
0.99749949989998
0.9971994398879775
0.9969493898779755
0.99624924984997
0.99624924984997
0.9957485119791927
0.9950982843995398
0.9947471109110011
0.993346340487268
0.9915453499424683
0.9907449097003351
0.9901926444833625
0.9882865295089353
0.9870760907679207
0.9871640593662254
0.9850057670126874
0.9850866181270399
0.9839139395767356
0.9837030330466274
0.982235418448996
0.9801945270372423
0.9802239935425285
0.9791982227607796
0.9795701643489254
0.9764337008192576
0.9742226273675682
0.9738949716139497
0.9721813290014721
0.9707632074032644
0.9699485560026486
0.9682272541819665
0.9650717459020579
0.9625006394843199
0.9647626874871584
0.9642801997014772
0.9646099876186546
0.9598719206734494
0.9582406209573092
0.9566637292001452
0.9550812691488809
0.9545478211068881
0.9544387036167215
0.9520225776105362
0.9491987011626689
0.9488350125944585
0.9482096850517903
0.9462836056931998
0.9451960680689145
0.943067471666137
0.9417388071591694
0.9383681941561552
0.9379501680627435
0.9356875334403424
0.9358113552129774
0.9313778256189451
0.9280629853321829
0.9258217993079585
0.9225890388681086
0.9199412212909546
0.9176079009112239
0.9134289153989275
0.9120255605134138
0.9064867555162307
0.9055481432065822
0.9052749092938878
0.9002858584160081
0.8993337850045167
0.8972334261205477
0.8954431247144815
0.8910374110626578
0.890612386114635
0.8873516642547034
0.8858939279268789
0.885427666314678
0.8861745441671092
0.8796587071161936
0.8776751117734725
0.8744219566392409
0.8673586385854807
0.8671324422843256
0.8581447825821796
0.8582030052131248
0.8498738694394881
0.8445393759286776
0.8471110555277639
0.83751178133836
0.8314925844114863
0.8307134220072552
0.8328203155059638
0.8257389957402865
0.8211735687394521
0.8109273903666427
0.8105117565698479
0.8016183590900047
0.7980486500935579
0.7925277684281387
0.7884732876247369
0.7832876712328767
0.7790143084260731
0.7720301171221416
0.7684507042253521
0.7693680828275616
0.7615373521776753
0.7487792434953721
0.7452948557089084
0.739020207292521
0.7319486404833837
0.7279103453533582
0.7144719687092569
0.7131656575065983
0.7061365600691444
0.6982046393390531
0.6932238854015773
0.6823145884270578
0.6733140256516342
0.669013494258654
0.6689074200136147
0.6563739865447645
0.6464117338920901
0.6345218083694595
0.6283559306815121
0.6174833470207136
0.6131637578908281
0.6040432534085567
0.5946204652053221
0.589733580560164
0.5825792980013921
0.5723232323232323
0.5635319454414932
0.5617766656240225
0.5580580048868586
0.554353704705246
0.5437884108867428
0.5362238074008024
0.5212416449529852
0.5147894675791671
0.5070439209186693
0.5158942004367872
0.5079856382320168
0.5005676800807367
0.4977462974887315
0.49756610972240495
0.4971720980339348
0.49924543833173274
0.4843815660456647
0.4879759519038076
0.4878013148283419
0.47582433831140025
0.4652350202733143
0.4572439249461704
0.45773098680075425
0.4488581537471856
0.44869248593181066
0.43502443957525705
0.44050284139831236
0.43742342026956066
0.42429078014184396
0.4282344402104881
0.42435424354243545
0.4161023325808879
0.4186359269932757
0.41525756979944944
0.4137585238668271
0.413265306122449
0.40278065988794354
0.4064625850340136
0.40658864325964456
0.41644503546099293
0.4049438202247191
0.40036521342159326
0.40613468634686345
0.40167949615115467
0.4016121384542437
0.40033581194531065
0.40541859897485966
0.4032496307237814
0.40661526983337476
0.405161613630669
0.41245235069885644
0.41081496668375195
0.4078471863706763
0.409483887870055
0.4141949152542373
0.42112299465240643
0.4186171643798762
0.40952123343251284
0.4155737704918033
0.41396371632765255
0.42218543046357615
0.4218533886583679
0.4210380238689981
0.42455456570155903
0.42206703910614524
0.42403819151923616
0.42691873589164786
0.4243281471004243
0.42670825063793594
0.4212620807276862
0.4237674551154175
0.4295513003715347
0.4230989136649514
0.4284895385497277
0.4302125215393452
0.43041978148361126
0.4252013808975834
0.43149697144505333
0.4322450158913609
0.4338639652677279
0.430804863925883
0.4320880393860411
0.43204868154158216
0.430608088449229
0.43700901949374454
0.4311899912714577
0.4317718940936864
0.43439045679371546
0.43322665114925807
0.434061135371179
0.43231441048034935
0.4346433770014556
0.4366812227074236
0.4306569343065693
0.4321167883211679
0.4354178842781999
0.43366452367036823
0.4354178842781999
0.4324956165984804
0.4322033898305085
0.4319111630625365
0.43454120397428403
0.4289888953828171
0.43717124488603154
0.43600233781414377
0.43600233781414377
0.4324956165984804
0.43571011104617186
0.4322033898305085
0.4324956165984804
0.43366452367036823
0.43103448275862066
0.4327878433664524
0.43600233781414377
0.43366452367036823
0.43395675043834014
0.434833430742256
0.4319111630625365
0.4342489772063121
0.4298655756867329
0.4316189362945646
0.4324956165984804
0.4351256575102279
0.4324956165984804
0.4351256575102279
0.43454120397428403
0.43834015195791937
0.43337229690239626
0.4351256575102279
0.4330800701344243
0.4342489772063121
0.4377556984219754
0.43395675043834014
0.43337229690239626
0.43337229690239626
0.43395675043834014
0.4330800701344243
0.4342489772063121
0.4327878433664524
0.4351256575102279
0.4324956165984804
0.4304500292226768
0.43074225599064875
0.4342489772063121
0.43629456458211574
0.43366452367036823
0.43366452367036823
0.43629456458211574
0.429573348918761
0.4342489772063121
0.4354178842781999
0.4330800701344243
0.4342489772063121
0.4374634716540035
0.4377556984219754
0.43600233781414377
0.43629456458211574
0.4330800701344243
0.43015780245470486
0.4342489772063121
0.4342489772063121
0.4319111630625365
0.4324956165984804
0.43571011104617186
0.43454120397428403
0.4368790181180596
0.434833430742256
0.4354178842781999
0.4316189362945646
0.43074225599064875
0.4324956165984804
0.43454120397428403
0.4324956165984804
0.4354178842781999
0.434833430742256
0.43074225599064875
0.4330800701344243
0.4354178842781999
0.43074225599064875
0.4330800701344243
0.4324956165984804
0.43717124488603154
0.4374634716540035
0.434833430742256
0.43132670952659263
0.4354178842781999
0.4304500292226768
0.43395675043834014
0.43337229690239626
0.4330800701344243
0.4342489772063121
0.42811221507890124
0.4327878433664524
0.4351256575102279
0.43074225599064875
0.43132670952659263
0.43395675043834014
0.43103448275862066
0.4319111630625365
0.4327878433664524
0.4327878433664524
0.4319111630625365
0.4322033898305085
0.43366452367036823
0.43395675043834014
0.429573348918761
0.4304500292226768
0.4289888953828171
0.4319111630625365
0.43132670952659263
0.43015780245470486
0.43600233781414377
0.43395675043834014
0.43366452367036823
0.4327878433664524
0.4327878433664524
0.43074225599064875
0.4330800701344243
0.4327878433664524
0.434833430742256
0.4324956165984804
0.43629456458211574
0.43103448275862066
0.43015780245470486
0.4322033898305085
0.4319111630625365
0.43658679135008766
0.4298655756867329
0.4304500292226768
0.4330800701344243
0.4327878433664524
0.4330800701344243
0.4324956165984804
0.4324956165984804
0.4324956165984804
0.43132670952659263
0.43337229690239626
0.4368790181180596
0.43132670952659263
0.4351256575102279
0.4322033898305085
0.4298655756867329
0.4324956165984804
0.4324956165984804
0.4298655756867329
0.4322033898305085
0.4368790181180596
0.429281122150789
0.4324956165984804
0.4322033898305085
0.429281122150789
0.4322033898305085
0.4316189362945646
0.4316189362945646
0.4354178842781999
0.4327878433664524
0.43571011104617186
0.43395675043834014
0.434833430742256
0.43015780245470486
0.43337229690239626
0.4304500292226768
0.43366452367036823
0.4342489772063121
0.43103448275862066
0.4289888953828171
0.43395675043834014
0.429573348918761
0.43074225599064875
0.4324956165984804
0.4286966686148451
0.43454120397428403
0.43132670952659263
0.4322033898305085
0.43103448275862066
0.434833430742256
0.43395675043834014
0.4330800701344243
0.4342489772063121
0.43366452367036823
0.43366452367036823
0.4327878433664524
0.4298655756867329
0.4322033898305085
0.4319111630625365
0.4322033898305085
0.43132670952659263
0.4324956165984804
0.4319111630625365
0.4319111630625365
0.43074225599064875
0.43366452367036823
0.4324956165984804
0.43366452367036823
0.4324956165984804
0.43571011104617186
0.43454120397428403
0.43337229690239626
0.4327878433664524
0.43132670952659263
0.4324956165984804
0.4319111630625365
0.43132670952659263
0.4319111630625365
0.4327878433664524
0.43132670952659263
0.4324956165984804
0.4304500292226768
0.4354178842781999
0.4304500292226768
0.43132670952659263
0.429573348918761
0.434833430742256
0.434833430742256
0.43629456458211574
0.4324956165984804
0.43337229690239626
0.43132670952659263
0.4316189362945646
0.4298655756867329
0.4298655756867329
0.4330800701344243
0.4342489772063121
0.43103448275862066
0.4324956165984804
0.4322033898305085
0.43366452367036823
0.4304500292226768
0.4330800701344243
0.4316189362945646
0.4342489772063121
0.4322033898305085
0.4330800701344243
0.43103448275862066
0.43395675043834014
0.43103448275862066
0.4304500292226768
0.43366452367036823
0.4324956165984804
0.4330800701344243
0.4298655756867329
0.43366452367036823
0.434833430742256
0.4327878433664524
0.43015780245470486
0.4322033898305085
0.43132670952659263
0.4304500292226768
0.43074225599064875
0.43132670952659263
0.4322033898305085
0.43132670952659263
0.43074225599064875
0.43395675043834014
0.4289888953828171
0.43366452367036823
0.43074225599064875
0.4298655756867329
0.43366452367036823
0.429281122150789
0.4316189362945646
0.4327878433664524
0.43366452367036823
0.43600233781414377
0.4298655756867329
0.4330800701344243
0.43015780245470486
0.4322033898305085
0.4324956165984804
0.4324956165984804
0.4304500292226768
0.43366452367036823
0.43103448275862066
0.4286966686148451
0.4351256575102279
0.43395675043834014
0.4330800701344243
0.429573348918761
0.43337229690239626
0.43395675043834014
0.43629456458211574
0.4342489772063121
0.4351256575102279
0.4324956165984804
0.43337229690239626
0.4330800701344243
0.4327878433664524
0.4322033898305085
0.4330800701344243
0.4324956165984804
0.434833430742256
0.43395675043834014
0.4322033898305085
0.4316189362945646
0.43103448275862066
0.43454120397428403
0.4342489772063121
0.4322033898305085
0.4319111630625365
0.4327878433664524
0.4324956165984804
0.4322033898305085
0.4354178842781999
0.4330800701344243
0.4316189362945646
0.43337229690239626
0.4304500292226768
0.43132670952659263
0.43395675043834014
0.43337229690239626
0.4324956165984804
0.43103448275862066
0.4319111630625365
0.43337229690239626
0.43103448275862066
0.4342489772063121
0.43366452367036823
0.43395675043834014
0.43337229690239626
0.434833430742256
0.43366452367036823
0.43074225599064875
0.43132670952659263
0.43132670952659263
0.4304500292226768
0.4319111630625365
0.4324956165984804
0.43132670952659263
0.43366452367036823
0.429281122150789
0.4319111630625365
0.4298655756867329
0.43074225599064875
0.4324956165984804
0.4322033898305085
0.4319111630625365
0.43103448275862066
0.4342489772063121
0.4324956165984804
0.43074225599064875
0.42840444184687315
0.43658679135008766
0.43658679135008766
0.43337229690239626
0.4319111630625365
0.43366452367036823
0.4342489772063121
0.4322033898305085
0.4319111630625365
0.43103448275862066
0.43337229690239626
0.4330800701344243
0.4322033898305085
0.4319111630625365
0.4330800701344243
0.43015780245470486
0.4351256575102279
0.43395675043834014
0.4330800701344243
0.43600233781414377
0.4354178842781999
0.4324956165984804
0.43132670952659263
0.4330800701344243
0.4322033898305085
0.4342489772063121
0.4319111630625365
0.43074225599064875
0.4351256575102279
0.4322033898305085
0.43132670952659263
0.429573348918761
0.43074225599064875
0.4330800701344243
0.43337229690239626
0.43366452367036823
0.43629456458211574
0.4330800701344243
0.43454120397428403
0.4322033898305085
0.43366452367036823
0.4327878433664524
0.43132670952659263
0.4342489772063121
0.4322033898305085
0.43103448275862066
0.43337229690239626
0.4324956165984804
0.4330800701344243
0.4316189362945646
0.4327878433664524
0.4342489772063121
0.4324956165984804
0.43132670952659263
0.4322033898305085
0.43132670952659263
0.4330800701344243
0.4351256575102279
0.4342489772063121
0.4322033898305085
0.43337229690239626
0.4304500292226768
0.43337229690239626
0.43395675043834014
0.434833430742256
0.4368790181180596
0.4316189362945646
0.43366452367036823
0.4289888953828171
0.4330800701344243
0.429573348918761
0.4327878433664524
0.4324956165984804
0.4324956165984804
0.4316189362945646
0.4304500292226768
0.43395675043834014
0.43103448275862066
0.4319111630625365
0.43366452367036823
0.43454120397428403
0.4316189362945646
0.43454120397428403
0.43366452367036823
0.43337229690239626
0.4327878433664524
0.43395675043834014
0.4351256575102279
0.43395675043834014
0.4322033898305085
0.43454120397428403
0.43337229690239626
0.429573348918761
0.4304500292226768
0.4327878433664524
0.429281122150789
0.4319111630625365
0.43366452367036823
0.43395675043834014
0.4342489772063121
0.4319111630625365
0.4327878433664524
0.43103448275862066
0.4327878433664524
0.4324956165984804
0.43132670952659263
0.4327878433664524
0.4327878433664524
0.4354178842781999
0.4319111630625365
0.434833430742256
0.43337229690239626
0.4351256575102279
0.43337229690239626
0.434833430742256
0.43132670952659263
0.4322033898305085
0.43600233781414377
0.43132670952659263
0.4322033898305085
0.4330800701344243
0.4330800701344243
0.4327878433664524
0.4289888953828171
0.43395675043834014
0.43454120397428403
0.4304500292226768
0.429573348918761
0.4304500292226768
0.43337229690239626
0.4327878433664524
0.4298655756867329
0.4354178842781999
0.43454120397428403
0.4319111630625365
0.43629456458211574
0.4319111630625365
0.4324956165984804
0.43395675043834014
0.4322033898305085
0.4316189362945646
0.43074225599064875
0.4330800701344243
0.43103448275862066
0.4324956165984804
0.43132670952659263
0.4330800701344243
0.4330800701344243
0.4319111630625365
0.4324956165984804
0.4327878433664524
0.43132670952659263
0.429281122150789
0.4330800701344243
0.4316189362945646
0.4324956165984804
0.43395675043834014
0.4324956165984804
0.4327878433664524
0.4351256575102279
0.43395675043834014
0.43132670952659263
0.4316189362945646
0.4330800701344243
0.4324956165984804
0.43015780245470486
0.43571011104617186
0.43454120397428403
0.43395675043834014
0.4289888953828171
0.4327878433664524
0.4324956165984804
0.4327878433664524
0.4324956165984804
0.4327878433664524
0.4330800701344243
0.43015780245470486
0.43454120397428403
0.43629456458211574
0.43337229690239626
0.43103448275862066
0.4324956165984804
0.4327878433664524
0.429281122150789
0.4316189362945646
0.4324956165984804
0.43366452367036823
0.43132670952659263
0.4322033898305085
0.42840444184687315
0.4316189362945646
0.43337229690239626
0.43366452367036823
0.43395675043834014
0.4319111630625365
0.4324956165984804
0.4327878433664524
0.4322033898305085
0.4324956165984804
0.4330800701344243
0.4327878433664524
0.4316189362945646
0.4327878433664524
0.43337229690239626
0.43103448275862066
0.43103448275862066
0.4319111630625365
0.4327878433664524
0.4319111630625365
0.4327878433664524
0.4327878433664524
0.43454120397428403
0.434833430742256
0.4330800701344243
0.4304500292226768
0.4322033898305085
0.43074225599064875
0.4319111630625365
0.4319111630625365
0.4330800701344243
0.4351256575102279
0.4342489772063121
0.4298655756867329
0.43103448275862066
0.43337229690239626
0.4298655756867329
0.43337229690239626
0.43395675043834014
0.43337229690239626
0.43395675043834014
0.4354178842781999
0.43132670952659263
0.43366452367036823
0.43132670952659263
0.4342489772063121
0.4319111630625365
0.43337229690239626
0.4289888953828171
0.4319111630625365
0.4304500292226768
0.434833430742256
0.43337229690239626
0.43395675043834014
0.43366452367036823
0.4342489772063121
0.43366452367036823
0.4354178842781999
0.4322033898305085
0.43366452367036823
0.4324956165984804
0.4319111630625365
0.4324956165984804
0.4316189362945646
0.4322033898305085
0.43074225599064875
0.43366452367036823
0.4330800701344243
0.4351256575102279
0.43074225599064875
0.4316189362945646
0.4324956165984804
0.43074225599064875
0.43395675043834014
0.4322033898305085
0.4304500292226768
0.429573348918761
0.4322033898305085
0.43074225599064875
0.4322033898305085
0.4319111630625365
0.42811221507890124
0.4330800701344243
0.4327878433664524
0.4304500292226768
0.43395675043834014
0.4324956165984804
0.43454120397428403
0.43015780245470486
0.43366452367036823
0.43074225599064875
0.4324956165984804
0.4322033898305085
0.43132670952659263
0.4342489772063121
0.4354178842781999
0.4354178842781999
0.4319111630625365
0.43132670952659263
0.4316189362945646
0.43074225599064875
0.43103448275862066
0.4327878433664524
0.4298655756867329
0.4316189362945646
0.43395675043834014
0.43132670952659263
0.43395675043834014
0.43103448275862066
0.4342489772063121
0.4354178842781999
0.4342489772063121
0.43600233781414377
0.4316189362945646
0.43366452367036823
0.4330800701344243
0.43132670952659263
0.43454120397428403
0.4322033898305085
0.4342489772063121
0.4316189362945646
0.43600233781414377
0.429573348918761
0.434833430742256
0.43337229690239626
0.4327878433664524
0.4319111630625365
0.43629456458211574
0.4298655756867329
0.43074225599064875
0.4316189362945646
0.43395675043834014
0.4319111630625365
0.43395675043834014
0.429573348918761
0.43366452367036823
0.4330800701344243
0.4354178842781999
0.43074225599064875
0.43337229690239626
0.43132670952659263
0.4322033898305085
0.4327878433664524
0.4322033898305085
0.43074225599064875
0.4304500292226768
0.4324956165984804
0.4316189362945646
0.43074225599064875
0.43132670952659263
0.43015780245470486
0.4298655756867329
0.4327878433664524
0.43366452367036823
0.4327878433664524
0.4327878433664524
0.43015780245470486
0.4319111630625365
0.4330800701344243
0.4319111630625365
0.4330800701344243
0.4327878433664524
0.43366452367036823
0.43074225599064875
0.4330800701344243
0.43337229690239626
0.4319111630625365
0.43015780245470486
0.4319111630625365
0.4319111630625365
0.43366452367036823
0.4304500292226768
0.4327878433664524
0.43395675043834014
0.4319111630625365
0.43337229690239626
0.4316189362945646
0.43395675043834014
0.4304500292226768
0.4316189362945646
0.4324956165984804
0.43132670952659263
0.4319111630625365
0.43395675043834014
0.434833430742256
0.4324956165984804
0.43366452367036823
0.43074225599064875
0.434833430742256
0.4298655756867329
0.4319111630625365
0.43658679135008766
0.43337229690239626
0.4330800701344243
0.4298655756867329
0.43015780245470486
0.4330800701344243
0.4298655756867329
0.4351256575102279
0.43366452367036823
0.4298655756867329
0.4324956165984804
0.4324956165984804
0.4316189362945646
0.43132670952659263
0.43366452367036823
0.4327878433664524
0.434833430742256
0.4319111630625365
0.4316189362945646
0.4324956165984804
0.4298655756867329
0.43074225599064875
0.434833430742256
0.4322033898305085
0.429573348918761
0.4298655756867329
0.4298655756867329
0.43132670952659263
0.4304500292226768
0.43337229690239626
0.4322033898305085
0.43337229690239626
0.4324956165984804
0.43366452367036823
0.43337229690239626
0.4327878433664524
0.43629456458211574
0.434833430742256
0.4319111630625365
0.4304500292226768
0.43454120397428403
0.4319111630625365
0.43395675043834014
0.4322033898305085
0.4330800701344243
0.4319111630625365
0.4351256575102279
0.43454120397428403
0.4319111630625365
0.4330800701344243
0.43366452367036823
0.434833430742256
0.43015780245470486
0.43454120397428403
0.4327878433664524
0.4327878433664524
0.4342489772063121
0.43454120397428403
0.43103448275862066
0.43366452367036823
0.4342489772063121
0.43132670952659263
0.4324956165984804
0.43600233781414377
0.4324956165984804
0.43132670952659263
0.4316189362945646
0.43015780245470486
0.43571011104617186
0.4319111630625365
0.4322033898305085
0.43337229690239626
0.4324956165984804
0.43074225599064875
0.4319111630625365
0.4322033898305085
0.4330800701344243
0.4322033898305085
0.4316189362945646
0.4319111630625365
0.4327878433664524
0.4327878433664524
0.43015780245470486
0.4316189362945646
0.4322033898305085
0.43337229690239626
0.4319111630625365
0.43074225599064875
0.4342489772063121
0.4286966686148451
0.4330800701344243
0.4322033898305085
0.4304500292226768
0.43103448275862066
0.4322033898305085
0.4322033898305085
0.4316189362945646
0.4319111630625365
0.4324956165984804
0.4330800701344243
0.4324956165984804
0.43366452367036823
0.4330800701344243
0.43132670952659263
0.4330800701344243
0.43103448275862066
0.4322033898305085
0.4342489772063121
0.43454120397428403
0.4316189362945646
0.4298655756867329
0.43366452367036823
0.4330800701344243
0.4322033898305085
0.4354178842781999
0.4319111630625365
0.4304500292226768
0.43395675043834014
0.4330800701344243
0.4298655756867329
0.43074225599064875
0.4319111630625365
0.43103448275862066
0.4324956165984804
0.4304500292226768
0.43015780245470486
0.43366452367036823
0.4316189362945646
0.4324956165984804
0.4351256575102279
0.4316189362945646
0.43395675043834014
0.4322033898305085
0.43454120397428403
0.43132670952659263
0.4322033898305085
0.4304500292226768
0.4342489772063121
0.4298655756867329
0.43337229690239626
0.4322033898305085
0.43395675043834014
0.4354178842781999
0.4319111630625365
0.434833430742256
0.4324956165984804
0.43132670952659263
0.4289888953828171
0.43366452367036823
0.4327878433664524
0.4342489772063121
0.4322033898305085
0.43103448275862066
0.4354178842781999
0.4319111630625365
0.4319111630625365
0.43395675043834014
0.43074225599064875
0.43337229690239626
0.43366452367036823
0.43571011104617186
0.43629456458211574
0.4286966686148451
0.43074225599064875
0.4319111630625365
0.43103448275862066
0.4351256575102279
0.4342489772063121
0.43015780245470486
0.4354178842781999
0.43571011104617186
0.43074225599064875
0.4330800701344243
0.4342489772063121
0.43132670952659263
0.4319111630625365
0.43366452367036823
0.4327878433664524
0.43395675043834014
0.4316189362945646
0.4351256575102279
0.4327878433664524
0.43366452367036823
0.429573348918761
0.4342489772063121
0.4327878433664524
0.4319111630625365
0.4319111630625365
0.4316189362945646
0.43366452367036823
0.43366452367036823
0.43571011104617186
0.4330800701344243
0.4327878433664524
0.4324956165984804
0.43395675043834014
0.43337229690239626
0.4327878433664524
0.4330800701344243
0.43074225599064875
0.4354178842781999
0.4319111630625365
0.4351256575102279
0.4330800701344243
0.43103448275862066
0.43600233781414377
0.4351256575102279
0.4286966686148451
0.434833430742256
0.4316189362945646
0.43015780245470486
0.43132670952659263
0.4322033898305085
0.4342489772063121
0.43132670952659263
0.4330800701344243
0.434833430742256
0.43366452367036823
0.43074225599064875
0.4342489772063121
0.43074225599064875
0.4322033898305085
0.4354178842781999
0.43366452367036823
0.43132670952659263
0.4322033898305085
0.43366452367036823
0.4327878433664524
0.4322033898305085
0.4322033898305085
0.4351256575102279
0.4330800701344243
0.4354178842781999
0.4342489772063121
0.4324956165984804
0.43074225599064875
0.43395675043834014
0.43658679135008766
0.429573348918761
0.4327878433664524
0.43132670952659263
0.43337229690239626
0.4327878433664524
0.43337229690239626
0.4324956165984804
0.4322033898305085
0.4327878433664524
0.4342489772063121
0.43395675043834014
0.43366452367036823
0.4324956165984804
0.43454120397428403
0.4316189362945646
0.4324956165984804
0.4330800701344243
0.43366452367036823
0.4351256575102279
0.4351256575102279
0.4327878433664524
0.4322033898305085
0.4327878433664524
0.4324956165984804
0.43366452367036823
0.43395675043834014
0.43366452367036823
0.43395675043834014
0.43366452367036823
0.4354178842781999
0.4322033898305085
0.43132670952659263
0.429573348918761
0.43366452367036823
0.4316189362945646
0.4354178842781999
0.4327878433664524
0.43103448275862066
0.43103448275862066
0.4322033898305085
0.43366452367036823
0.4330800701344243
0.4351256575102279
0.43395675043834014
0.43366452367036823
0.4324956165984804
0.4330800701344243
0.4324956165984804
0.43366452367036823
0.4327878433664524
0.43337229690239626
0.4330800701344243
0.43717124488603154
0.43395675043834014
0.4327878433664524
0.43366452367036823
0.4324956165984804
0.429573348918761
0.4327878433664524
0.434833430742256
0.4377556984219754
0.4330800701344243
0.4316189362945646
