2.0E-4
4.0E-4
5.0E-4
5.0E-4
5.0E-4
0.001
0.0013
0.0015
0.0017
0.002000400080016003
0.002350470094018804
0.0024504900980196038
0.003050610122024405
0.003050610122024405
0.0035012254289001152
0.004251488020807282
0.004502476361999099
0.005503026664665566
0.007203962179198559
0.0075041272699984994
0.007855891918939205
0.00961105271061721
0.010419275659970946
0.010328920978740472
0.011985356802567574
0.011850364047200603
0.012265621072739154
0.01287661586439314
0.01358764027980474
0.015471450889482437
0.01553829078801332
0.016510148439866708
0.016536030341340074
0.01820572468898554
0.020155980958168743
0.02037712895377129
0.021777755216000814
0.02262673514008237
0.023684612641980338
0.02504079967360261
0.026196190573456568
0.027881516345219216
0.027326895418122048
0.027227340573369705
0.026671481634337597
0.030935288953158085
0.031772315653298834
0.03364263127883469
0.03468868463415901
0.034674858124642056
0.034810291738427014
0.036845406083411726
0.038808002513878705
0.03935768261964735
0.0400651979599348
0.04064312071692146
0.04196173765986682
0.043586484482576
0.04477136332253439
0.047102027782213
0.04812463319639332
0.049705724986623866
0.05011548584626954
0.05317545748116254
0.05548964624676445
0.05817474048442907
0.06071447931913048
0.06275171437901382
0.06351284989359961
0.06583123563532889
0.06638021263702969
0.06967870375490792
0.07032466088503447
0.07122523025397712
0.07538815088840312
0.07497741644083107
0.07737317502698404
0.08080173595248973
0.08388799632774845
0.08464998270095721
0.08480463096960926
0.08662746696163474
0.08776252493253549
0.08727208355461144
0.09142620133910055
0.09245901639344262
0.09675094588913578
0.1027698992215316
0.105771567436209
0.11178874184302007
0.11064090769702545
0.11560942595213192
0.11800396235760277
0.11793396698349175
0.1259817781966698
0.12956768696749763
0.13021065359893083
0.1306912915223804
0.13521363108299986
0.13884200960664675
0.14633030520880988
0.14918000395178818
0.1555349207402003
0.15597433841218925
0.16189835072366207
0.16482248319869663
0.16684931506849315
0.16976567360199074
0.17770496374790853
0.18
0.1817922170653338
0.18762618978944332
0.19641425552073463
0.19986714886707507
0.2031168443814779
0.20929003021148035
0.21231989021880002
0.22064575504256462
0.2224033535165347
0.22959063408501612
0.23681283762313315
0.24336069531627233
0.2509372453137734
0.25519238725693005
0.2568099907803202
0.2591048332198775
0.26988097291702606
0.27763226820324777
0.28417234362558613
0.2913711053245937
0.30203485719499956
0.3032862978091348
0.3078514339445228
0.32085766248683834
0.3244852151849322
0.32822909416326934
0.3373737373737374
0.34211875705055894
0.3411531644249818
0.34802932115159885
0.35110870740941047
0.3593064091308165
0.36491306286223807
0.3714738869378045
0.37826238255422806
0.38356813069728896
0.38182479980587236
0.38690107713259875
0.3947268828056011
0.3989697359948487
0.4006051835284831
0.40304336116347966
0.4027987378241185
0.41518419946771257
0.4092470655596908
0.41431701972242513
0.4225935235842082
0.42874305451268957
0.43355890495232235
0.4365179132620993
0.441299453200386
0.4450513075140682
0.4510365750884881
0.452040640606165
0.4540521617363907
0.4595744680851064
0.45617855198693524
0.464760147601476
0.4706546275395034
0.46993275696445724
0.47483287455760914
0.4787404733253109
0.4820408163265306
0.48474787300269767
0.484906462585034
0.4846120502817512
0.480718085106383
0.48966292134831463
0.4939511527048619
0.48731549815498154
0.4907860975040821
0.4914651493598862
0.4919644998800672
0.492311447400537
0.49064500246184145
0.49241482218353644
0.49636682535705334
0.48640406607369757
0.49231163505894415
0.49483737738771294
0.49227141734346347
0.4915254237288136
0.48877005347593583
0.48802797955340327
0.49661888017311334
0.4959016393442623
0.4961517317207257
0.4881346578366446
0.48934993084370676
0.49153483208437415
0.4866369710467706
0.4899441340782123
0.4886267902274642
0.4878668171557562
0.49024045261669025
0.4888006804649844
0.4937464468447982
0.493872898261613
0.48842526436124606
0.49199542595769014
0.49068501003152765
0.4893739230327398
0.4890741805635423
0.49252013808975836
0.4891837323334295
0.48945391505345276
0.487698986975398
0.4901563404748118
0.4900086880973067
0.4885540423065778
0.49054407913878384
0.4858888565609543
0.49054407913878384
0.4890893220832121
0.48879837067209775
0.48734361361652606
0.4873362445414847
0.4882096069868996
0.4858806404657933
0.48442503639010187
0.4905109489051095
0.48905109489051096
0.48509643483343073
0.48714202220923436
0.48743424897720633
0.49035651665692576
0.49006428988895384
0.48947983635300996
0.48684979544126245
0.4918176504967855
0.4859731151373466
0.4859731151373466
0.48509643483343073
0.48831092928112213
0.4856808883693746
0.4886031560490941
0.489187609585038
0.4865575686732905
0.49006428988895384
0.4886031560490941
0.4862653419053185
0.48772647574517825
0.4865575686732905
0.48684979544126245
0.49006428988895384
0.4862653419053185
0.49006428988895384
0.48889538281706607
0.48831092928112213
0.4862653419053185
0.489187609585038
0.4865575686732905
0.48684979544126245
0.4833430742255991
0.48714202220923436
0.4865575686732905
0.4880187025131502
0.48714202220923436
0.48392752776154296
0.48772647574517825
0.48772647574517825
0.4865575686732905
0.4865575686732905
0.4886031560490941
0.4859731151373466
0.489187609585038
0.4859731151373466
0.48831092928112213
0.49094097019286964
0.48977206312098187
0.48772647574517825
0.48509643483343073
0.48743424897720633
0.48772647574517825
0.48509643483343073
0.49035651665692576
0.4880187025131502
0.4859731151373466
0.48831092928112213
0.48714202220923436
0.4833430742255991
0.48392752776154296
0.4853886616014027
0.4862653419053185
0.48831092928112213
0.48977206312098187
0.4880187025131502
0.4865575686732905
0.489187609585038
0.48947983635300996
0.48509643483343073
0.48684979544126245
0.48509643483343073
0.48772647574517825
0.4859731151373466
0.4906487434248977
0.49006428988895384
0.489187609585038
0.4862653419053185
0.4886031560490941
0.4853886616014027
0.4859731151373466
0.4912331969608416
0.489187609585038
0.4862653419053185
0.4915254237288136
0.48831092928112213
0.4886031560490941
0.4848042080654588
0.4833430742255991
0.4865575686732905
0.48889538281706607
0.4865575686732905
0.49094097019286964
0.4880187025131502
0.48831092928112213
0.4880187025131502
0.48684979544126245
0.4924021040327294
0.4886031560490941
0.48714202220923436
0.49035651665692576
0.489187609585038
0.4880187025131502
0.4912331969608416
0.489187609585038
0.48889538281706607
0.48977206312098187
0.489187609585038
0.48947983635300996
0.48831092928112213
0.48772647574517825
0.49210987726475747
0.49094097019286964
0.4912331969608416
0.48977206312098187
0.48947983635300996
0.49094097019286964
0.48714202220923436
0.48889538281706607
0.4880187025131502
0.48831092928112213
0.48977206312098187
0.49006428988895384
0.489187609585038
0.49035651665692576
0.48714202220923436
0.4886031560490941
0.48684979544126245
0.4906487434248977
0.4906487434248977
0.48947983635300996
0.489187609585038
0.4848042080654588
0.4915254237288136
0.4906487434248977
0.4880187025131502
0.4886031560490941
0.4880187025131502
0.48831092928112213
0.4886031560490941
0.48947983635300996
0.48977206312098187
0.489187609585038
0.4856808883693746
0.49094097019286964
0.4862653419053185
0.49035651665692576
0.4918176504967855
0.489187609585038
0.48831092928112213
0.4912331969608416
0.48977206312098187
0.4856808883693746
0.4906487434248977
0.48831092928112213
0.48831092928112213
0.49210987726475747
0.49006428988895384
0.48977206312098187
0.48831092928112213
0.48743424897720633
0.48889538281706607
0.4862653419053185
0.48743424897720633
0.4886031560490941
0.4915254237288136
0.48831092928112213
0.48977206312098187
0.48743424897720633
0.48772647574517825
0.49006428988895384
0.4918176504967855
0.48889538281706607
0.4918176504967855
0.4912331969608416
0.48889538281706607
0.4918176504967855
0.4880187025131502
0.4906487434248977
0.48889538281706607
0.48889538281706607
0.48831092928112213
0.4886031560490941
0.48831092928112213
0.48772647574517825
0.4886031560490941
0.48772647574517825
0.48947983635300996
0.49094097019286964
0.48889538281706607
0.489187609585038
0.4886031560490941
0.48977206312098187
0.48889538281706607
0.48977206312098187
0.48977206312098187
0.48889538281706607
0.48684979544126245
0.49006428988895384
0.48684979544126245
0.4880187025131502
0.48684979544126245
0.48772647574517825
0.48947983635300996
0.4886031560490941
0.49035651665692576
0.4886031560490941
0.49006428988895384
0.48977206312098187
0.4906487434248977
0.4880187025131502
0.48977206312098187
0.48831092928112213
0.49094097019286964
0.48772647574517825
0.49006428988895384
0.48889538281706607
0.49006428988895384
0.48743424897720633
0.48714202220923436
0.4862653419053185
0.489187609585038
0.4886031560490941
0.48947983635300996
0.48977206312098187
0.4915254237288136
0.4912331969608416
0.48831092928112213
0.48889538281706607
0.48947983635300996
0.4886031560490941
0.48947983635300996
0.4862653419053185
0.4906487434248977
0.4886031560490941
0.49035651665692576
0.48743424897720633
0.48947983635300996
0.4886031560490941
0.4906487434248977
0.48743424897720633
0.49035651665692576
0.49094097019286964
0.48889538281706607
0.4880187025131502
0.48889538281706607
0.4906487434248977
0.48831092928112213
0.48772647574517825
0.48889538281706607
0.4918176504967855
0.489187609585038
0.49006428988895384
0.4915254237288136
0.48889538281706607
0.49035651665692576
0.4906487434248977
0.4906487434248977
0.49035651665692576
0.48714202220923436
0.4915254237288136
0.4880187025131502
0.49035651665692576
0.4906487434248977
0.4880187025131502
0.4912331969608416
0.48977206312098187
0.49006428988895384
0.4880187025131502
0.48509643483343073
0.4906487434248977
0.48831092928112213
0.4912331969608416
0.49006428988895384
0.48977206312098187
0.49006428988895384
0.49006428988895384
0.4886031560490941
0.4915254237288136
0.4924021040327294
0.4859731151373466
0.48714202220923436
0.48714202220923436
0.49210987726475747
0.48684979544126245
0.48743424897720633
0.48684979544126245
0.48831092928112213
0.48714202220923436
0.48889538281706607
0.4886031560490941
0.489187609585038
0.48772647574517825
0.48889538281706607
0.4886031560490941
0.48831092928112213
0.48743424897720633
0.48772647574517825
0.489187609585038
0.48889538281706607
0.49035651665692576
0.4865575686732905
0.4880187025131502
0.48977206312098187
0.48977206312098187
0.48889538281706607
0.4886031560490941
0.48977206312098187
0.4865575686732905
0.4880187025131502
0.49035651665692576
0.48947983635300996
0.4915254237288136
0.48977206312098187
0.48714202220923436
0.48831092928112213
0.48831092928112213
0.49035651665692576
0.48831092928112213
0.48743424897720633
0.49035651665692576
0.4886031560490941
0.4880187025131502
0.4880187025131502
0.48743424897720633
0.48714202220923436
0.4865575686732905
0.4906487434248977
0.48889538281706607
0.48947983635300996
0.4912331969608416
0.48977206312098187
0.48831092928112213
0.4915254237288136
0.48831092928112213
0.4918176504967855
0.48889538281706607
0.4918176504967855
0.4906487434248977
0.489187609585038
0.4886031560490941
0.48947983635300996
0.48947983635300996
0.48831092928112213
0.489187609585038
0.49035651665692576
0.4935710111046172
0.4853886616014027
0.4856808883693746
0.48772647574517825
0.48947983635300996
0.48743424897720633
0.4880187025131502
0.4880187025131502
0.48977206312098187
0.49006428988895384
0.489187609585038
0.48977206312098187
0.489187609585038
0.49006428988895384
0.48889538281706607
0.4915254237288136
0.48714202220923436
0.48831092928112213
0.48772647574517825
0.4856808883693746
0.4862653419053185
0.48889538281706607
0.49094097019286964
0.4880187025131502
0.49006428988895384
0.4859731151373466
0.48889538281706607
0.48977206312098187
0.4856808883693746
0.48889538281706607
0.49006428988895384
0.49035651665692576
0.49035651665692576
0.48831092928112213
0.489187609585038
0.48743424897720633
0.4853886616014027
0.48831092928112213
0.4859731151373466
0.489187609585038
0.48743424897720633
0.489187609585038
0.48947983635300996
0.48772647574517825
0.49006428988895384
0.49006428988895384
0.48831092928112213
0.48947983635300996
0.4886031560490941
0.49094097019286964
0.4880187025131502
0.48714202220923436
0.4886031560490941
0.48977206312098187
0.48889538281706607
0.4906487434248977
0.48772647574517825
0.48772647574517825
0.48772647574517825
0.48977206312098187
0.48743424897720633
0.49035651665692576
0.4880187025131502
0.4865575686732905
0.48684979544126245
0.4859731151373466
0.489187609585038
0.48977206312098187
0.4915254237288136
0.4880187025131502
0.4912331969608416
0.48831092928112213
0.48977206312098187
0.48831092928112213
0.48977206312098187
0.49035651665692576
0.48772647574517825
0.49035651665692576
0.49006428988895384
0.48772647574517825
0.48772647574517825
0.49035651665692576
0.4859731151373466
0.48772647574517825
0.48772647574517825
0.48889538281706607
0.48831092928112213
0.4865575686732905
0.48889538281706607
0.48889538281706607
0.48743424897720633
0.48831092928112213
0.49094097019286964
0.4918176504967855
0.48947983635300996
0.4912331969608416
0.48977206312098187
0.489187609585038
0.48831092928112213
0.48831092928112213
0.49094097019286964
0.48889538281706607
0.49094097019286964
0.4886031560490941
0.489187609585038
0.49035651665692576
0.48889538281706607
0.4886031560490941
0.4856808883693746
0.49035651665692576
0.48714202220923436
0.48889538281706607
0.48743424897720633
0.4880187025131502
0.48743424897720633
0.48977206312098187
0.48831092928112213
0.48684979544126245
0.4906487434248977
0.48947983635300996
0.4886031560490941
0.48889538281706607
0.48977206312098187
0.49210987726475747
0.4880187025131502
0.48684979544126245
0.49006428988895384
0.4906487434248977
0.49094097019286964
0.4886031560490941
0.489187609585038
0.4906487434248977
0.4880187025131502
0.48772647574517825
0.49006428988895384
0.4859731151373466
0.489187609585038
0.48947983635300996
0.48831092928112213
0.49006428988895384
0.489187609585038
0.49035651665692576
0.4880187025131502
0.49035651665692576
0.48889538281706607
0.49035651665692576
0.48772647574517825
0.48831092928112213
0.48977206312098187
0.48831092928112213
0.4886031560490941
0.48947983635300996
0.4915254237288136
0.48772647574517825
0.49035651665692576
0.4880187025131502
0.48831092928112213
0.48831092928112213
0.48947983635300996
0.48684979544126245
0.48684979544126245
0.48947983635300996
0.489187609585038
0.48831092928112213
0.49035651665692576
0.49094097019286964
0.4862653419053185
0.4862653419053185
0.4886031560490941
0.4918176504967855
0.48947983635300996
0.48889538281706607
0.489187609585038
0.48831092928112213
0.4886031560490941
0.48947983635300996
0.49035651665692576
0.4865575686732905
0.4865575686732905
0.4880187025131502
0.489187609585038
0.48947983635300996
0.48831092928112213
0.49210987726475747
0.4886031560490941
0.489187609585038
0.48831092928112213
0.49035651665692576
0.48977206312098187
0.4915254237288136
0.49006428988895384
0.4886031560490941
0.48743424897720633
0.48772647574517825
0.48977206312098187
0.48977206312098187
0.48889538281706607
0.49006428988895384
0.48977206312098187
0.48977206312098187
0.48831092928112213
0.48947983635300996
0.48977206312098187
0.48831092928112213
0.49035651665692576
0.49035651665692576
0.489187609585038
0.4880187025131502
0.49094097019286964
0.4880187025131502
0.4880187025131502
0.48743424897720633
0.4865575686732905
0.4880187025131502
0.4915254237288136
0.48977206312098187
0.4906487434248977
0.48977206312098187
0.4906487434248977
0.4886031560490941
0.4856808883693746
0.48831092928112213
0.4906487434248977
0.48947983635300996
0.48889538281706607
0.4906487434248977
0.4886031560490941
0.48831092928112213
0.48889538281706607
0.48772647574517825
0.4856808883693746
0.49035651665692576
0.48831092928112213
0.48977206312098187
0.4886031560490941
0.48947983635300996
0.48743424897720633
0.49210987726475747
0.48947983635300996
0.49035651665692576
0.4865575686732905
0.4886031560490941
0.48772647574517825
0.48831092928112213
0.48772647574517825
0.489187609585038
0.4862653419053185
0.48831092928112213
0.48831092928112213
0.48889538281706607
0.489187609585038
0.4880187025131502
0.48947983635300996
0.48977206312098187
0.49094097019286964
0.48743424897720633
0.489187609585038
0.4862653419053185
0.49006428988895384
0.49006428988895384
0.48977206312098187
0.489187609585038
0.4880187025131502
0.48977206312098187
0.49210987726475747
0.4918176504967855
0.48947983635300996
0.4918176504967855
0.48947983635300996
0.49035651665692576
0.49210987726475747
0.4886031560490941
0.4880187025131502
0.4906487434248977
0.48831092928112213
0.48977206312098187
0.48714202220923436
0.49035651665692576
0.48772647574517825
0.4915254237288136
0.4886031560490941
0.49035651665692576
0.48977206312098187
0.48889538281706607
0.48684979544126245
0.4865575686732905
0.48977206312098187
0.49006428988895384
0.48977206312098187
0.49035651665692576
0.48977206312098187
0.48889538281706607
0.49006428988895384
0.49035651665692576
0.48772647574517825
0.49035651665692576
0.4880187025131502
0.4912331969608416
0.48684979544126245
0.4853886616014027
0.4880187025131502
0.4856808883693746
0.49006428988895384
0.4886031560490941
0.48831092928112213
0.489187609585038
0.48743424897720633
0.48947983635300996
0.48684979544126245
0.49006428988895384
0.48684979544126245
0.49094097019286964
0.48772647574517825
0.48889538281706607
0.489187609585038
0.489187609585038
0.4862653419053185
0.4906487434248977
0.4906487434248977
0.49035651665692576
0.48743424897720633
0.48947983635300996
0.48684979544126245
0.4924021040327294
0.48684979544126245
0.4880187025131502
0.4865575686732905
0.49094097019286964
0.489187609585038
0.4906487434248977
0.4886031560490941
0.489187609585038
0.48889538281706607
0.49035651665692576
0.49094097019286964
0.4880187025131502
0.48977206312098187
0.4912331969608416
0.48977206312098187
0.49006428988895384
0.4915254237288136
0.4886031560490941
0.48831092928112213
0.4886031560490941
0.49006428988895384
0.4906487434248977
0.48831092928112213
0.4886031560490941
0.4906487434248977
0.4880187025131502
0.48831092928112213
0.4880187025131502
0.49094097019286964
0.49035651665692576
0.4865575686732905
0.49006428988895384
0.4912331969608416
0.49035651665692576
0.49006428988895384
0.48743424897720633
0.4912331969608416
0.48889538281706607
0.48831092928112213
0.489187609585038
0.4880187025131502
0.4906487434248977
0.48684979544126245
0.4912331969608416
0.48947983635300996
0.48947983635300996
0.49035651665692576
0.489187609585038
0.4880187025131502
0.48714202220923436
0.48831092928112213
0.4886031560490941
0.4906487434248977
0.48772647574517825
0.4906487434248977
0.489187609585038
0.4862653419053185
0.48831092928112213
0.48947983635300996
0.49094097019286964
0.49006428988895384
0.48831092928112213
0.4906487434248977
0.48684979544126245
0.48714202220923436
0.4918176504967855
0.489187609585038
0.48977206312098187
0.49006428988895384
0.4906487434248977
0.48889538281706607
0.48714202220923436
0.4859731151373466
0.489187609585038
0.489187609585038
0.48772647574517825
0.4915254237288136
0.49035651665692576
0.48714202220923436
0.48831092928112213
0.4924021040327294
0.49035651665692576
0.4906487434248977
0.4915254237288136
0.49035651665692576
0.4886031560490941
0.48947983635300996
0.48831092928112213
0.48977206312098187
0.489187609585038
0.4886031560490941
0.4886031560490941
0.48509643483343073
0.48714202220923436
0.48947983635300996
0.49210987726475747
0.48743424897720633
0.48947983635300996
0.4880187025131502
0.48977206312098187
0.48831092928112213
0.48889538281706607
0.48684979544126245
0.48743424897720633
0.489187609585038
0.48743424897720633
0.48831092928112213
0.4862653419053185
0.4912331969608416
0.4859731151373466
0.4880187025131502
0.48831092928112213
0.4880187025131502
0.48772647574517825
0.48977206312098187
0.4880187025131502
0.48743424897720633
0.48977206312098187
0.48947983635300996
0.4856808883693746
0.49006428988895384
0.48889538281706607
0.48947983635300996
0.49094097019286964
0.4856808883693746
0.49035651665692576
0.48889538281706607
0.48831092928112213
0.4886031560490941
0.49094097019286964
0.49006428988895384
0.4886031560490941
0.4886031560490941
0.48977206312098187
0.48947983635300996
0.4906487434248977
0.48831092928112213
0.4880187025131502
0.4924021040327294
0.48889538281706607
0.48947983635300996
0.48772647574517825
0.48947983635300996
0.48977206312098187
0.4880187025131502
0.4915254237288136
0.48831092928112213
0.48947983635300996
0.48947983635300996
0.49094097019286964
0.4886031560490941
0.489187609585038
0.4886031560490941
0.48977206312098187
0.4880187025131502
0.4886031560490941
0.4906487434248977
0.48743424897720633
0.48831092928112213
0.48977206312098187
0.4880187025131502
0.4912331969608416
0.48977206312098187
0.4886031560490941
0.48684979544126245
0.489187609585038
0.4915254237288136
0.48772647574517825
0.489187609585038
0.48947983635300996
0.4865575686732905
0.48977206312098187
0.49094097019286964
0.4865575686732905
0.48831092928112213
0.49094097019286964
0.49035651665692576
0.48947983635300996
0.49006428988895384
0.489187609585038
0.4915254237288136
0.49210987726475747
0.48772647574517825
0.48947983635300996
0.48889538281706607
0.48684979544126245
0.489187609585038
0.48889538281706607
0.48831092928112213
0.48714202220923436
0.48977206312098187
0.48889538281706607
0.4912331969608416
0.4880187025131502
0.49035651665692576
0.4886031560490941
0.4886031560490941
0.4886031560490941
0.4859731151373466
0.48977206312098187
0.4865575686732905
0.48831092928112213
0.48947983635300996
0.49210987726475747
0.4886031560490941
0.489187609585038
0.48831092928112213
0.49094097019286964
0.49035651665692576
0.48684979544126245
0.48889538281706607
0.48977206312098187
0.48889538281706607
0.4906487434248977
0.48831092928112213
0.4880187025131502
0.4859731151373466
0.4862653419053185
0.49210987726475747
0.49094097019286964
0.489187609585038
0.489187609585038
0.48831092928112213
0.48831092928112213
0.4918176504967855
0.4865575686732905
0.4856808883693746
0.49006428988895384
0.48889538281706607
0.48772647574517825
0.49035651665692576
0.48947983635300996
0.48889538281706607
0.489187609585038
0.48743424897720633
0.489187609585038
0.4862653419053185
0.48947983635300996
0.48772647574517825
0.4918176504967855
0.48714202220923436
0.48977206312098187
0.48889538281706607
0.48889538281706607
0.48947983635300996
0.4886031560490941
0.48772647574517825
0.4859731151373466
0.489187609585038
0.4880187025131502
0.48947983635300996
0.48714202220923436
0.4880187025131502
0.49035651665692576
0.489187609585038
0.49006428988895384
0.4856808883693746
0.489187609585038
0.48831092928112213
0.48831092928112213
0.49006428988895384
0.4853886616014027
0.4865575686732905
0.49210987726475747
0.48714202220923436
0.48947983635300996
0.48977206312098187
0.4912331969608416
0.489187609585038
0.4880187025131502
0.49035651665692576
0.48831092928112213
0.48714202220923436
0.48947983635300996
0.48977206312098187
0.48743424897720633
0.49035651665692576
0.48889538281706607
0.4859731151373466
0.48947983635300996
0.49006428988895384
0.48947983635300996
0.4880187025131502
0.4880187025131502
0.48977206312098187
0.4886031560490941
0.4862653419053185
0.48831092928112213
0.48772647574517825
0.4880187025131502
0.489187609585038
0.48947983635300996
0.48743424897720633
0.4862653419053185
0.4918176504967855
0.48831092928112213
0.48947983635300996
0.48831092928112213
0.48889538281706607
0.4880187025131502
0.4886031560490941
0.48947983635300996
0.48947983635300996
0.4880187025131502
0.48889538281706607
0.48743424897720633
0.489187609585038
0.48743424897720633
0.4912331969608416
0.48889538281706607
0.48889538281706607
0.4865575686732905
0.48714202220923436
0.48684979544126245
0.4886031560490941
0.48947983635300996
0.48831092928112213
0.49006428988895384
0.48772647574517825
0.48831092928112213
0.48772647574517825
0.48831092928112213
0.48831092928112213
0.48714202220923436
0.48889538281706607
0.49006428988895384
0.49210987726475747
0.48772647574517825
0.48889538281706607
0.48714202220923436
0.48831092928112213
0.49006428988895384
0.4906487434248977
0.489187609585038
0.48684979544126245
0.48714202220923436
0.48772647574517825
0.4880187025131502
0.48743424897720633
0.48977206312098187
0.48889538281706607
0.48889538281706607
0.48743424897720633
0.48772647574517825
0.4880187025131502
0.48889538281706607
0.48451198129748685
0.48714202220923436
0.4880187025131502
0.48714202220923436
0.48889538281706607
0.49094097019286964
0.489187609585038
0.4856808883693746
0.48509643483343073
0.4880187025131502
0.48947983635300996
