0.0
1.0E-4
1.5E-4
2.5E-4
1.5E-4
3.0E-4
3.5E-4
2.5E-4
4.5E-4
5.001000200040008E-4
4.500900180036007E-4
6.00120024004801E-4
7.001400280056011E-4
7.001400280056011E-4
7.502625919071675E-4
6.502275796528785E-4
7.5041272699985E-4
0.0011506328480664365
0.0012506878783330832
0.0017509630296663164
0.0019514635976982738
0.0021024177804475144
0.0025046335721084006
0.0025070196550340956
0.0030088761847449977
0.0030630178257594776
0.0038204393505253103
0.0034203510889794274
0.004176941271199235
0.00433402207327521
0.004237715669458178
0.004291628799353731
0.0038938053097345134
0.005360574491756852
0.005621391674263142
0.0057278994322789946
0.006040915782527032
0.006610057456653277
0.006366831355371059
0.006731946144430845
0.008732063524485523
0.009617844170460941
0.007910417094719539
0.008492459725153122
0.008718530747007841
0.009192790373392552
0.00998706338939198
0.009693639521020165
0.010230046216960066
0.01077732076846983
0.010751004644851521
0.011132016306052053
0.011993296323452394
0.011807304785894207
0.011725116988274883
0.013073273589878757
0.012842194271218688
0.01334604385128694
0.013489829518296245
0.014529778061631806
0.013925198740863256
0.014606741573033709
0.014073158940753075
0.015446716899892358
0.01644736842105263
0.016003460207612456
0.016696481812760882
0.017307064330031565
0.018879249195176515
0.02073984896574368
0.021594226849556548
0.02383454072886136
0.024127195908383366
0.023499860452135084
0.02432599069558881
0.025688798554652212
0.02539339885246833
0.02375513933302878
0.025074592609593757
0.024737631184407798
0.02784370477568741
0.02747860511148629
0.026809808752786577
0.026553372278279343
0.028915091544705812
0.029865871833084947
0.028827097471623327
0.02987146219298775
0.02709599027946537
0.03006647557480027
0.031156087089849738
0.034516704608379994
0.03745666171371966
0.03495497748874437
0.036506440464970154
0.03893972862101609
0.03907592439381404
0.036488392971655764
0.039047373176713564
0.03998442165390108
0.04274230442454741
0.04030823947836396
0.04284672016979505
0.04597701149425287
0.04557388084819926
0.04670422917656642
0.04986301369863014
0.05122001797193613
0.050264919129949806
0.05154929577464789
0.0488397001071046
0.050836458032881456
0.0548065009838933
0.05483799542401653
0.05786294832600104
0.05876132930513595
0.05976976442784173
0.06488227624817854
0.06443098897686694
0.06427280584583955
0.0649825230378138
0.06341541928215033
0.0667481662591687
0.07149358709143566
0.0741765149610259
0.07198774676650783
0.07374504053820942
0.07595599790466212
0.08130584800495444
0.08027296399389422
0.0804817957842869
0.08354994430003714
0.08810531264692055
0.08452187230783957
0.08578120425490388
0.08919160783533857
0.0903030303030303
0.0943492975079479
0.09707016995099572
0.09391267396154254
0.09453758788534343
0.09690517998244073
0.09886312973695943
0.10728446810921037
0.10694814986660481
0.10938794838404167
0.10228099975734045
0.10511328463538443
0.10470543711366216
0.10328396651641983
0.10182870674911196
0.09978454080258552
0.09795582384414872
0.10043423448662278
0.10277698253650157
0.09788166544923302
0.10158213810439154
0.1060219252139961
0.10919717010150723
0.10575109993714644
0.10984239305242843
0.10625620655412116
0.11393898533625485
0.10745651799552265
0.10852441799404866
0.11613475177304965
0.11558700780257666
0.11088560885608856
0.11324303987960872
0.11143131604226705
0.10990955564294141
0.10750100280786201
0.10469387755102041
0.11247146710935879
0.10863095238095238
0.10879930645860425
0.10283687943262411
0.10539325842696629
0.10568363387354485
0.10654981549815498
0.10753440634476323
0.10692271218587009
0.10769968817462221
0.10226995362460337
0.10610536681437716
0.10096990798308879
0.09847156101227762
0.101143583227446
0.09687339825730394
0.09731543624161074
0.09824469478648153
0.09427966101694915
0.09010695187165775
0.09335485606672048
0.09385988639437381
0.08852459016393442
0.08988455195162177
0.08967991169977925
0.08879668049792531
0.08742714404662781
0.08880846325167038
0.08798882681564246
0.08733501825329963
0.08521444695259593
0.08543140028288543
0.08449106889707968
0.08499147242751563
0.0823596466229695
0.08202343526721921
0.08490566037735849
0.08082545141874463
0.08041355542791499
0.08050603795284646
0.08227848101265822
0.07931929622151716
0.07830106905518636
0.0784370477568741
0.07903879559930516
0.07790327251665219
0.07939727615184004
0.0788478324119872
0.07710212394530114
0.0782659295897585
0.07913878382310154
0.07681117253418679
0.07942973523421588
0.07860262008733625
0.0794759825327511
0.0794759825327511
0.07889374090247453
0.07883211678832117
0.07883211678832117
0.07948568088836938
0.07919345412039742
0.0771478667445938
0.0771478667445938
0.0777323202805377
0.07860900058445354
0.07860900058445354
0.07919345412039742
0.07685563997662186
0.07802454704850964
0.07890122735242548
0.07919345412039742
0.07860900058445354
0.07919345412039742
0.07831677381648158
0.07977790765634132
0.07890122735242548
0.07860900058445354
0.0777323202805377
0.07860900058445354
0.07948568088836938
0.07831677381648158
0.07802454704850964
0.07948568088836938
0.08007013442431327
0.07948568088836938
0.07919345412039742
0.07860900058445354
0.07831677381648158
0.07831677381648158
0.07860900058445354
0.07831677381648158
0.07948568088836938
0.07831677381648158
0.07890122735242548
0.07860900058445354
0.07831677381648158
0.07831677381648158
0.07890122735242548
0.08007013442431327
0.07948568088836938
0.07831677381648158
0.07977790765634132
0.07802454704850964
0.07890122735242548
0.07919345412039742
0.07860900058445354
0.07948568088836938
0.07802454704850964
0.07860900058445354
0.07890122735242548
0.07860900058445354
0.07860900058445354
0.08007013442431327
0.0777323202805377
0.07860900058445354
0.07860900058445354
0.07860900058445354
0.07919345412039742
0.07831677381648158
0.07860900058445354
0.07744009351256576
0.07860900058445354
0.08007013442431327
0.0777323202805377
0.07919345412039742
0.07890122735242548
0.07802454704850964
0.07919345412039742
0.07860900058445354
0.07802454704850964
0.07744009351256576
0.07860900058445354
0.0777323202805377
0.07919345412039742
0.07831677381648158
0.07919345412039742
0.07890122735242548
0.07919345412039742
0.07919345412039742
0.07802454704850964
0.0777323202805377
0.07831677381648158
0.0777323202805377
0.07860900058445354
0.07890122735242548
0.07802454704850964
0.07919345412039742
0.07860900058445354
0.07977790765634132
0.07802454704850964
0.07860900058445354
0.07802454704850964
0.07831677381648158
0.07890122735242548
0.07890122735242548
0.07948568088836938
0.07860900058445354
0.0777323202805377
0.07890122735242548
0.07948568088836938
0.07802454704850964
0.0777323202805377
0.07890122735242548
0.07831677381648158
0.07744009351256576
0.07890122735242548
0.07831677381648158
0.07802454704850964
0.07831677381648158
0.07831677381648158
0.07860900058445354
0.07977790765634132
0.07831677381648158
0.07919345412039742
0.07890122735242548
0.07685563997662186
0.0771478667445938
0.07831677381648158
0.07890122735242548
0.07744009351256576
0.07919345412039742
0.0777323202805377
0.07685563997662186
0.07802454704850964
0.07890122735242548
0.07685563997662186
0.07831677381648158
0.07919345412039742
0.07831677381648158
0.07890122735242548
0.07860900058445354
0.07860900058445354
0.07890122735242548
0.07890122735242548
0.07860900058445354
0.07890122735242548
0.07919345412039742
0.07890122735242548
0.07802454704850964
0.07890122735242548
0.07744009351256576
0.07744009351256576
0.0777323202805377
0.07860900058445354
0.07744009351256576
0.07831677381648158
0.07831677381648158
0.07919345412039742
0.07890122735242548
0.07802454704850964
0.07744009351256576
0.08007013442431327
0.07919345412039742
0.07948568088836938
0.07860900058445354
0.0777323202805377
0.07860900058445354
0.08007013442431327
0.0771478667445938
0.07831677381648158
0.07802454704850964
0.07860900058445354
0.07656341320864991
0.07831677381648158
0.07831677381648158
0.07977790765634132
0.07890122735242548
0.07802454704850964
0.07890122735242548
0.07919345412039742
0.0771478667445938
0.07860900058445354
0.07802454704850964
0.07860900058445354
0.07948568088836938
0.07744009351256576
0.07802454704850964
0.07890122735242548
0.08007013442431327
0.07685563997662186
0.07744009351256576
0.07860900058445354
0.07802454704850964
0.0777323202805377
0.07860900058445354
0.0777323202805377
0.07919345412039742
0.07890122735242548
0.07890122735242548
0.07919345412039742
0.07890122735242548
0.07860900058445354
0.07831677381648158
0.07831677381648158
0.08036236119228521
0.07948568088836938
0.07744009351256576
0.07948568088836938
0.07948568088836938
0.07744009351256576
0.0777323202805377
0.0771478667445938
0.07860900058445354
0.07831677381648158
0.07890122735242548
0.07802454704850964
0.07890122735242548
0.07744009351256576
0.07919345412039742
0.07890122735242548
0.07919345412039742
0.07860900058445354
0.07685563997662186
0.07948568088836938
0.07977790765634132
0.08036236119228521
0.0777323202805377
0.07802454704850964
0.07744009351256576
0.07831677381648158
0.07802454704850964
0.07919345412039742
0.07860900058445354
0.07860900058445354
0.07890122735242548
0.07860900058445354
0.07685563997662186
0.07948568088836938
0.07890122735242548
0.07831677381648158
0.08007013442431327
0.07890122735242548
0.07831677381648158
0.07802454704850964
0.07831677381648158
0.07831677381648158
0.07831677381648158
0.07831677381648158
0.07860900058445354
0.07860900058445354
0.07860900058445354
0.07744009351256576
0.07948568088836938
0.07802454704850964
0.07948568088836938
0.07802454704850964
0.07744009351256576
0.07831677381648158
0.07802454704850964
0.07860900058445354
0.07860900058445354
0.07802454704850964
0.08036236119228521
0.07831677381648158
0.0771478667445938
0.07802454704850964
0.07890122735242548
0.07890122735242548
0.07948568088836938
0.07831677381648158
0.07890122735242548
0.07948568088836938
0.07831677381648158
0.07948568088836938
0.07860900058445354
0.0771478667445938
0.07831677381648158
0.07890122735242548
0.07948568088836938
0.07860900058445354
0.07860900058445354
0.0777323202805377
0.0777323202805377
0.07744009351256576
0.07948568088836938
0.0777323202805377
0.07744009351256576
0.07890122735242548
0.07890122735242548
0.07890122735242548
0.07977790765634132
0.07831677381648158
0.07977790765634132
0.07860900058445354
0.07685563997662186
0.07744009351256576
0.0777323202805377
0.07860900058445354
0.07802454704850964
0.0777323202805377
0.07948568088836938
0.07890122735242548
0.07831677381648158
0.07919345412039742
0.0777323202805377
0.07831677381648158
0.07860900058445354
0.07948568088836938
0.07860900058445354
0.07890122735242548
0.0777323202805377
0.07802454704850964
0.07831677381648158
0.07831677381648158
0.07890122735242548
0.07802454704850964
0.07802454704850964
0.07890122735242548
0.07802454704850964
0.0771478667445938
0.07802454704850964
0.07890122735242548
0.07890122735242548
0.07831677381648158
0.07919345412039742
0.07860900058445354
0.07977790765634132
0.07919345412039742
0.07860900058445354
0.0771478667445938
0.07831677381648158
0.07802454704850964
0.07919345412039742
0.07802454704850964
0.07977790765634132
0.07860900058445354
0.07977790765634132
0.07919345412039742
0.07831677381648158
0.07831677381648158
0.07919345412039742
0.0771478667445938
0.07802454704850964
0.07890122735242548
0.07919345412039742
0.07831677381648158
0.07860900058445354
0.07831677381648158
0.07919345412039742
0.07860900058445354
0.07948568088836938
0.07744009351256576
0.07831677381648158
0.07890122735242548
0.07802454704850964
0.07802454704850964
0.0777323202805377
0.07890122735242548
0.07860900058445354
0.07890122735242548
0.0777323202805377
0.07977790765634132
0.07831677381648158
0.07890122735242548
0.07744009351256576
0.0771478667445938
0.07860900058445354
0.07802454704850964
0.07802454704850964
0.07831677381648158
0.0777323202805377
0.0777323202805377
0.07919345412039742
0.07831677381648158
0.07831677381648158
0.07860900058445354
0.0777323202805377
0.07890122735242548
0.0777323202805377
0.07977790765634132
0.07919345412039742
0.07948568088836938
0.07919345412039742
0.07890122735242548
0.07860900058445354
0.08007013442431327
0.07890122735242548
0.07860900058445354
0.07744009351256576
0.07890122735242548
0.07831677381648158
0.07860900058445354
0.07948568088836938
0.07860900058445354
0.07890122735242548
0.07802454704850964
0.07919345412039742
0.07802454704850964
0.0777323202805377
0.07890122735242548
0.07831677381648158
0.07802454704850964
0.07831677381648158
0.07744009351256576
0.07919345412039742
0.07860900058445354
0.07890122735242548
0.07890122735242548
0.07890122735242548
0.07802454704850964
0.07919345412039742
0.0771478667445938
0.07802454704850964
0.07802454704850964
0.07919345412039742
0.07919345412039742
0.07860900058445354
0.07948568088836938
0.07831677381648158
0.0771478667445938
0.07919345412039742
0.07656341320864991
0.07948568088836938
0.07890122735242548
0.07919345412039742
0.07890122735242548
0.0777323202805377
0.07919345412039742
0.07860900058445354
0.07919345412039742
0.07831677381648158
0.07860900058445354
0.07802454704850964
0.07860900058445354
0.0777323202805377
0.07802454704850964
0.07948568088836938
0.07860900058445354
0.07890122735242548
0.07831677381648158
0.0777323202805377
0.07831677381648158
0.0771478667445938
0.07890122735242548
0.07802454704850964
0.07831677381648158
0.07948568088836938
0.0777323202805377
0.0777323202805377
0.07948568088836938
0.07831677381648158
0.0771478667445938
0.0777323202805377
0.07744009351256576
0.0771478667445938
0.07831677381648158
0.07802454704850964
0.07860900058445354
0.07831677381648158
0.07831677381648158
0.07831677381648158
0.07860900058445354
0.07890122735242548
0.0777323202805377
0.07802454704850964
0.0777323202805377
0.07744009351256576
0.07860900058445354
0.0777323202805377
0.07890122735242548
0.07948568088836938
0.0771478667445938
0.07802454704850964
0.07831677381648158
0.07831677381648158
0.07802454704850964
0.07744009351256576
0.07890122735242548
0.07802454704850964
0.07860900058445354
0.07948568088836938
0.07977790765634132
0.07860900058445354
0.07802454704850964
0.07802454704850964
0.07948568088836938
0.07656341320864991
0.0777323202805377
0.07802454704850964
0.0777323202805377
0.07890122735242548
0.07802454704850964
0.0777323202805377
0.0777323202805377
0.07919345412039742
0.07890122735242548
0.07890122735242548
0.07860900058445354
0.07860900058445354
0.07831677381648158
0.07919345412039742
0.07860900058445354
0.07831677381648158
0.07919345412039742
0.07860900058445354
0.07919345412039742
0.07919345412039742
0.07919345412039742
0.07802454704850964
0.07948568088836938
0.0777323202805377
0.07919345412039742
0.0777323202805377
0.07802454704850964
0.07919345412039742
0.07919345412039742
0.07919345412039742
0.07860900058445354
0.0771478667445938
0.07890122735242548
0.07802454704850964
0.07919345412039742
0.07744009351256576
0.07919345412039742
0.0777323202805377
0.07860900058445354
0.07802454704850964
0.07919345412039742
0.07860900058445354
0.07744009351256576
0.07948568088836938
0.07890122735242548
0.0771478667445938
0.07860900058445354
0.07977790765634132
0.07802454704850964
0.07890122735242548
0.07860900058445354
0.07977790765634132
0.07831677381648158
0.07802454704850964
0.07831677381648158
0.07802454704850964
0.08007013442431327
0.07831677381648158
0.07802454704850964
0.07890122735242548
0.07831677381648158
0.07831677381648158
0.0777323202805377
0.07831677381648158
0.0777323202805377
0.0777323202805377
0.0771478667445938
0.07890122735242548
0.07890122735242548
0.07744009351256576
0.07831677381648158
0.07860900058445354
0.07860900058445354
0.07890122735242548
0.07919345412039742
0.0771478667445938
0.07919345412039742
0.07919345412039742
0.07802454704850964
0.07860900058445354
0.07890122735242548
0.07802454704850964
0.07802454704850964
0.07860900058445354
0.07831677381648158
0.07744009351256576
0.07831677381648158
0.07919345412039742
0.07744009351256576
0.07948568088836938
0.07948568088836938
0.0777323202805377
0.07948568088836938
0.07802454704850964
0.0777323202805377
0.0777323202805377
0.07831677381648158
0.07890122735242548
0.07831677381648158
0.07802454704850964
0.07890122735242548
0.0771478667445938
0.07860900058445354
0.07919345412039742
0.07890122735242548
0.07860900058445354
0.07919345412039742
0.07860900058445354
0.07802454704850964
0.07831677381648158
0.07802454704850964
0.07802454704850964
0.0771478667445938
0.07831677381648158
0.07948568088836938
0.07802454704850964
0.07860900058445354
0.07890122735242548
0.07948568088836938
0.07890122735242548
0.07802454704850964
0.07831677381648158
0.07890122735242548
0.0777323202805377
0.07860900058445354
0.07919345412039742
0.07831677381648158
0.0777323202805377
0.08007013442431327
0.07802454704850964
0.07802454704850964
0.07744009351256576
0.07860900058445354
0.07831677381648158
0.07744009351256576
0.07831677381648158
0.0777323202805377
0.07977790765634132
0.07831677381648158
0.07919345412039742
0.07890122735242548
0.0777323202805377
0.0777323202805377
0.07831677381648158
0.07948568088836938
0.07860900058445354
0.0777323202805377
0.07890122735242548
0.07744009351256576
0.07890122735242548
0.07685563997662186
0.0777323202805377
0.07802454704850964
0.07831677381648158
0.07860900058445354
0.07860900058445354
0.07890122735242548
0.07919345412039742
0.07831677381648158
0.08007013442431327
0.07802454704850964
0.07831677381648158
0.07831677381648158
0.07802454704850964
0.0777323202805377
0.07890122735242548
0.07919345412039742
0.0777323202805377
0.07831677381648158
0.07831677381648158
0.0777323202805377
0.07860900058445354
0.07948568088836938
0.07802454704850964
0.07831677381648158
0.07890122735242548
0.07831677381648158
0.0771478667445938
0.07948568088836938
0.07744009351256576
0.0777323202805377
0.07802454704850964
0.07890122735242548
0.07744009351256576
0.07948568088836938
0.07860900058445354
0.07802454704850964
0.07860900058445354
0.07860900058445354
0.07919345412039742
0.07802454704850964
0.07948568088836938
0.07890122735242548
0.07802454704850964
0.07831677381648158
0.07744009351256576
0.07802454704850964
0.07919345412039742
0.07802454704850964
0.07890122735242548
0.07890122735242548
0.07860900058445354
0.07948568088836938
0.07860900058445354
0.07802454704850964
0.07890122735242548
0.07977790765634132
0.07860900058445354
0.07860900058445354
0.07802454704850964
0.07860900058445354
0.0771478667445938
0.07919345412039742
0.07977790765634132
0.07831677381648158
0.07744009351256576
0.07890122735242548
0.07890122735242548
0.07831677381648158
0.07831677381648158
0.07656341320864991
0.08007013442431327
0.07802454704850964
0.07860900058445354
0.0777323202805377
0.07802454704850964
0.07890122735242548
0.07831677381648158
0.07831677381648158
0.0777323202805377
0.07890122735242548
0.07860900058445354
0.0777323202805377
0.07919345412039742
0.07831677381648158
0.07890122735242548
0.07802454704850964
0.07831677381648158
0.07890122735242548
0.07802454704850964
0.07802454704850964
0.07919345412039742
0.0777323202805377
0.07860900058445354
0.07744009351256576
0.07948568088836938
0.07890122735242548
0.0771478667445938
0.07831677381648158
0.07744009351256576
0.07919345412039742
0.07977790765634132
0.07860900058445354
0.07948568088836938
0.07802454704850964
0.07919345412039742
0.07831677381648158
0.07831677381648158
0.0777323202805377
0.07831677381648158
0.07802454704850964
0.07744009351256576
0.08007013442431327
0.07919345412039742
0.07890122735242548
0.07919345412039742
0.07977790765634132
0.07860900058445354
0.07890122735242548
0.07802454704850964
0.07948568088836938
0.07802454704850964
0.07977790765634132
0.07948568088836938
0.0771478667445938
0.07919345412039742
0.07802454704850964
0.07831677381648158
0.07831677381648158
0.0777323202805377
0.0771478667445938
0.07802454704850964
0.07860900058445354
0.07860900058445354
0.07802454704850964
0.07860900058445354
0.07744009351256576
0.07802454704850964
0.07860900058445354
0.07802454704850964
0.07802454704850964
0.07860900058445354
0.07919345412039742
0.07802454704850964
0.07802454704850964
0.07890122735242548
0.07948568088836938
0.07802454704850964
0.07890122735242548
0.07860900058445354
0.07948568088836938
0.07919345412039742
0.07890122735242548
0.0777323202805377
0.0777323202805377
0.07919345412039742
0.07831677381648158
0.07831677381648158
0.07890122735242548
0.07802454704850964
0.07831677381648158
0.07744009351256576
0.07977790765634132
0.07890122735242548
0.07890122735242548
0.07860900058445354
0.0777323202805377
0.07890122735242548
0.07831677381648158
0.07890122735242548
0.07831677381648158
0.07802454704850964
0.07919345412039742
0.07831677381648158
0.07802454704850964
0.07890122735242548
0.07744009351256576
0.07890122735242548
0.07919345412039742
0.07744009351256576
0.07948568088836938
0.07831677381648158
0.07890122735242548
0.07860900058445354
0.07948568088836938
0.0777323202805377
0.07977790765634132
0.07860900058445354
0.07831677381648158
0.08007013442431327
0.07802454704850964
0.07919345412039742
0.07860900058445354
0.07977790765634132
0.07831677381648158
0.07948568088836938
0.07831677381648158
0.07685563997662186
0.07890122735242548
0.07860900058445354
0.07890122735242548
0.07890122735242548
0.0777323202805377
0.07802454704850964
0.0771478667445938
0.07860900058445354
0.07919345412039742
0.07860900058445354
0.07860900058445354
0.0777323202805377
0.07831677381648158
0.07802454704850964
0.07831677381648158
0.07860900058445354
0.07948568088836938
0.07860900058445354
0.07919345412039742
0.07890122735242548
0.07860900058445354
0.07890122735242548
0.07831677381648158
0.07802454704850964
0.0777323202805377
0.07860900058445354
0.07890122735242548
0.07860900058445354
0.07802454704850964
0.07919345412039742
0.0771478667445938
0.07948568088836938
0.07831677381648158
0.07890122735242548
0.07890122735242548
0.07831677381648158
0.0777323202805377
0.07977790765634132
0.07802454704850964
0.07919345412039742
0.07744009351256576
0.07860900058445354
0.07831677381648158
0.07860900058445354
0.07919345412039742
0.07919345412039742
0.07890122735242548
0.0777323202805377
0.07802454704850964
0.07744009351256576
0.07685563997662186
0.07860900058445354
0.0777323202805377
0.07919345412039742
0.07831677381648158
0.0771478667445938
0.07860900058445354
0.07831677381648158
0.07831677381648158
0.07831677381648158
0.07744009351256576
0.07919345412039742
0.07831677381648158
0.07890122735242548
0.07977790765634132
0.07656341320864991
0.07744009351256576
0.07802454704850964
0.07802454704850964
0.07860900058445354
0.07919345412039742
0.07802454704850964
0.07802454704850964
0.07831677381648158
0.07860900058445354
0.07744009351256576
0.07802454704850964
0.07860900058445354
0.07919345412039742
0.07860900058445354
0.0777323202805377
0.07860900058445354
0.07860900058445354
0.07860900058445354
0.07744009351256576
0.07919345412039742
0.07919345412039742
0.07890122735242548
0.0777323202805377
0.07860900058445354
0.07831677381648158
0.0777323202805377
0.07919345412039742
0.07802454704850964
0.07890122735242548
0.07860900058445354
0.07685563997662186
0.0777323202805377
0.07919345412039742
0.07890122735242548
0.07890122735242548
0.07656341320864991
0.07860900058445354
0.07890122735242548
0.07860900058445354
0.07831677381648158
0.07919345412039742
0.07802454704850964
0.07890122735242548
0.08007013442431327
0.07744009351256576
0.07860900058445354
0.0777323202805377
0.07831677381648158
0.07860900058445354
0.07802454704850964
0.07685563997662186
0.07948568088836938
0.07831677381648158
0.07890122735242548
0.07890122735242548
0.07860900058445354
0.07685563997662186
0.07860900058445354
0.07831677381648158
0.07831677381648158
0.07919345412039742
0.07802454704850964
0.07919345412039742
0.07860900058445354
0.07860900058445354
0.07685563997662186
0.0777323202805377
0.07831677381648158
0.07977790765634132
0.07860900058445354
0.0771478667445938
0.07860900058445354
0.07890122735242548
0.07919345412039742
0.07831677381648158
0.07831677381648158
0.07860900058445354
0.07890122735242548
0.07831677381648158
0.0777323202805377
0.0777323202805377
0.0771478667445938
0.07890122735242548
0.07831677381648158
0.07802454704850964
0.0771478667445938
0.07860900058445354
0.07802454704850964
0.07977790765634132
0.0777323202805377
0.07802454704850964
0.07860900058445354
0.07831677381648158
0.07890122735242548
0.07744009351256576
0.07860900058445354
0.0777323202805377
0.07860900058445354
0.0777323202805377
0.07802454704850964
0.07744009351256576
0.07890122735242548
0.07860900058445354
0.07831677381648158
0.07860900058445354
0.07948568088836938
0.07744009351256576
0.07890122735242548
0.07890122735242548
0.07831677381648158
0.07860900058445354
0.07948568088836938
0.07977790765634132
0.0771478667445938
0.07802454704850964
0.07890122735242548
0.0777323202805377
0.07802454704850964
0.07860900058445354
0.07890122735242548
0.07948568088836938
0.07860900058445354
0.07802454704850964
0.07831677381648158
0.07890122735242548
0.07919345412039742
0.07919345412039742
0.07860900058445354
0.07948568088836938
0.07802454704850964
0.07948568088836938
0.0771478667445938
0.07890122735242548
0.07890122735242548
