39996.0
39988.0
39984.0
39980.0
39984.0
39968.0
39960.0
39960.0
39948.0
39932.0
39927.0
39919.0
39903.0
39903.0
39886.0
39875.0
39858.0
39822.0
39784.0
39758.0
39735.0
39678.0
39618.0
39582.0
39523.0
39472.0
39390.0
39370.0
39306.0
39207.0
39168.0
39115.0
39069.0
38976.0
38872.0
38828.0
38731.0
38629.0
38551.0
38461.0
38311.0
38173.0
38096.0
37999.0
37913.0
37771.0
37650.0
37559.0
37452.0
37334.0
37243.0
37137.0
36989.0
36912.0
36830.0
36673.0
36564.0
36437.0
36307.0
36147.0
36062.0
35905.0
35777.0
35598.0
35449.0
35324.0
35158.0
34959.0
34798.0
34587.0
34317.0
34044.0
33843.0
33712.0
33469.0
33186.0
32950.0
32777.0
32520.0
32358.0
32123.0
31922.0
31682.0
31515.0
31235.0
30997.0
30731.0
30449.0
30287.0
29975.0
29790.0
29505.0
29188.0
28980.0
28663.0
28403.0
28152.0
28012.0
27683.0
27441.0
27055.0
26877.0
26517.0
26218.0
25951.0
25658.0
25308.0
24996.0
24697.0
24380.0
24096.0
23724.0
23243.0
22904.0
22546.0
22153.0
21881.0
21509.0
21239.0
20896.0
20559.0
20252.0
19823.0
19358.0
19028.0
18767.0
18349.0
17988.0
17556.0
17241.0
16844.0
16477.0
16122.0
15776.0
15411.0
15019.0
14672.0
14326.0
14048.0
13782.0
13496.0
13184.0
12896.0
12481.0
12137.0
11806.0
11651.0
11331.0
11065.0
10828.0
10609.0
10377.0
10214.0
9880.0
9677.0
9514.0
9294.0
9051.0
8765.0
8604.0
8326.0
8111.0
7838.0
7741.0
7592.0
7378.0
7234.0
7119.0
6926.0
6804.0
6639.0
6513.0
6412.0
6218.0
6105.0
5988.0
5927.0
5783.0
5672.0
5635.0
5548.0
5461.0
5389.0
5339.0
5269.0
5250.0
5215.0
5160.0
5127.0
5077.0
5005.0
4984.0
4978.0
4926.0
4864.0
4857.0
4817.0
4829.0
4819.0
4805.0
4798.0
4776.0
4760.0
4755.0
4733.0
4734.0
4701.0
4707.0
4715.0
4681.0
4702.0
4700.0
4695.0
4668.0
4688.0
4686.0
4683.0
4669.0
4676.0
4668.0
4646.0
4674.0
4650.0
4649.0
4666.0
4653.0
4656.0
4647.0
4655.0
4664.0
4630.0
4635.0
4640.0
4635.0
4648.0
4638.0
4635.0
4631.0
4640.0
4619.0
4655.0
4647.0
4644.0
4631.0
4644.0
4630.0
4634.0
4633.0
4627.0
4634.0
4648.0
4637.0
4635.0
4642.0
4633.0
4636.0
4619.0
4627.0
4631.0
4642.0
4634.0
4643.0
4640.0
4654.0
4633.0
4643.0
4634.0
4639.0
4652.0
4639.0
4635.0
4631.0
4635.0
4636.0
4635.0
4636.0
4641.0
4631.0
4626.0
4624.0
4641.0
4646.0
4636.0
4637.0
4646.0
4618.0
4642.0
4643.0
4635.0
4639.0
4648.0
4652.0
4645.0
4650.0
4635.0
4620.0
4642.0
4637.0
4630.0
4635.0
4642.0
4640.0
4650.0
4645.0
4643.0
4633.0
4625.0
4634.0
4638.0
4632.0
4641.0
4639.0
4629.0
4638.0
4644.0
4630.0
4635.0
4632.0
4651.0
4648.0
4641.0
4625.0
4645.0
4626.0
4640.0
4637.0
4634.0
4638.0
4615.0
4634.0
4645.0
4626.0
4626.0
4640.0
4631.0
4630.0
4635.0
4638.0
4630.0
4633.0
4639.0
4639.0
4624.0
4626.0
4617.0
4632.0
4627.0
4624.0
4651.0
4643.0
4638.0
4633.0
4638.0
4625.0
4638.0
4640.0
4643.0
4632.0
4652.0
4629.0
4623.0
4633.0
4630.0
4647.0
4624.0
4625.0
4634.0
4634.0
4634.0
4631.0
4632.0
4635.0
4628.0
4640.0
4652.0
4632.0
4642.0
4636.0
4625.0
4634.0
4631.0
4623.0
4634.0
4652.0
4617.0
4631.0
4629.0
4622.0
4635.0
4630.0
4625.0
4648.0
4635.0
4646.0
4638.0
4648.0
4626.0
4637.0
4622.0
4636.0
4641.0
4627.0
4619.0
4643.0
4623.0
4629.0
4633.0
4617.0
4644.0
4631.0
4631.0
4623.0
4647.0
4642.0
4635.0
4641.0
4640.0
4637.0
4637.0
4622.0
4631.0
4630.0
4630.0
4628.0
4633.0
4632.0
4632.0
4621.0
4634.0
4637.0
4634.0
4630.0
4648.0
4643.0
4641.0
4634.0
4630.0
4632.0
4633.0
4628.0
4635.0
4632.0
4628.0
4631.0
4626.0
4649.0
4623.0
4625.0
4617.0
4644.0
4643.0
4650.0
4634.0
4638.0
4627.0
4630.0
4624.0
4623.0
4635.0
4645.0
4625.0
4632.0
4633.0
4632.0
4625.0
4636.0
4632.0
4640.0
4633.0
4636.0
4629.0
4638.0
4628.0
4626.0
4641.0
4630.0
4637.0
4621.0
4639.0
4645.0
4635.0
4627.0
4632.0
4629.0
4628.0
4621.0
4630.0
4637.0
4631.0
4626.0
4637.0
4618.0
4638.0
4626.0
4621.0
4638.0
4619.0
4630.0
4639.0
4638.0
4644.0
4621.0
4635.0
4625.0
4635.0
4636.0
4637.0
4623.0
4640.0
4632.0
4619.0
4641.0
4637.0
4631.0
4624.0
4632.0
4638.0
4652.0
4643.0
4645.0
4633.0
4638.0
4638.0
4631.0
4631.0
4636.0
4631.0
4644.0
4639.0
4632.0
4627.0
4628.0
4639.0
4642.0
4634.0
4632.0
4635.0
4632.0
4634.0
4645.0
4634.0
4632.0
4641.0
4628.0
4628.0
4637.0
4637.0
4631.0
4628.0
4627.0
4634.0
4628.0
4644.0
4638.0
4640.0
4634.0
4643.0
4633.0
4627.0
4625.0
4627.0
4627.0
4632.0
4631.0
4634.0
4639.0
4621.0
4629.0
4625.0
4627.0
4634.0
4630.0
4631.0
4625.0
4643.0
4634.0
4626.0
4621.0
4649.0
4650.0
4635.0
4631.0
4636.0
4642.0
4628.0
4632.0
4627.0
4640.0
4640.0
4632.0
4633.0
4637.0
4626.0
4645.0
4641.0
4633.0
4646.0
4644.0
4633.0
4632.0
4634.0
4635.0
4635.0
4629.0
4624.0
4640.0
4631.0
4629.0
4618.0
4626.0
4635.0
4640.0
4636.0
4647.0
4635.0
4637.0
4632.0
4636.0
4636.0
4627.0
4641.0
4635.0
4627.0
4637.0
4635.0
4636.0
4634.0
4632.0
4639.0
4632.0
4628.0
4631.0
4631.0
4633.0
4647.0
4641.0
4634.0
4634.0
4624.0
4636.0
4635.0
4642.0
4653.0
4628.0
4644.0
4618.0
4634.0
4621.0
4633.0
4636.0
4631.0
4630.0
4624.0
4639.0
4628.0
4633.0
4637.0
4643.0
4632.0
4637.0
4637.0
4635.0
4635.0
4641.0
4643.0
4643.0
4631.0
4642.0
4637.0
4620.0
4629.0
4637.0
4619.0
4632.0
4642.0
4641.0
4643.0
4636.0
4635.0
4630.0
4634.0
4634.0
4630.0
4635.0
4634.0
4642.0
4634.0
4643.0
4639.0
4646.0
4636.0
4644.0
4628.0
4629.0
4650.0
4631.0
4633.0
4636.0
4637.0
4638.0
4620.0
4640.0
4640.0
4623.0
4619.0
4626.0
4638.0
4636.0
4621.0
4650.0
4643.0
4633.0
4649.0
4630.0
4635.0
4641.0
4635.0
4628.0
4626.0
4634.0
4628.0
4633.0
4630.0
4633.0
4635.0
4632.0
4631.0
4634.0
4627.0
4620.0
4633.0
4632.0
4630.0
4641.0
4631.0
4637.0
4644.0
4636.0
4627.0
4628.0
4635.0
4638.0
4624.0
4646.0
4638.0
4642.0
4619.0
4637.0
4633.0
4636.0
4631.0
4634.0
4639.0
4622.0
4639.0
4651.0
4636.0
4624.0
4635.0
4633.0
4622.0
4626.0
4634.0
4639.0
4630.0
4634.0
4614.0
4631.0
4638.0
4636.0
4639.0
4632.0
4636.0
4635.0
4635.0
4636.0
4640.0
4633.0
4629.0
4638.0
4637.0
4628.0
4628.0
4630.0
4632.0
4636.0
4632.0
4632.0
4642.0
4641.0
4634.0
4628.0
4634.0
4627.0
4632.0
4635.0
4636.0
4640.0
4643.0
4621.0
4625.0
4639.0
4621.0
4638.0
4641.0
4639.0
4639.0
4642.0
4630.0
4639.0
4628.0
4644.0
4631.0
4634.0
4620.0
4631.0
4624.0
4641.0
4638.0
4639.0
4639.0
4641.0
4642.0
4644.0
4629.0
4639.0
4633.0
4630.0
4630.0
4629.0
4634.0
4628.0
4636.0
4638.0
4642.0
4625.0
4631.0
4636.0
4622.0
4640.0
4634.0
4630.0
4623.0
4633.0
4631.0
4633.0
4634.0
4614.0
4636.0
4632.0
4625.0
4641.0
4636.0
4641.0
4622.0
4637.0
4630.0
4632.0
4636.0
4628.0
4645.0
4646.0
4645.0
4632.0
4629.0
4630.0
4626.0
4626.0
4635.0
4619.0
4632.0
4639.0
4630.0
4640.0
4631.0
4638.0
4641.0
4642.0
4646.0
4631.0
4640.0
4635.0
4626.0
4642.0
4633.0
4638.0
4631.0
4650.0
4620.0
4645.0
4639.0
4636.0
4630.0
4650.0
4621.0
4627.0
4632.0
4638.0
4631.0
4636.0
4625.0
4634.0
4634.0
4645.0
4628.0
4640.0
4631.0
4630.0
4636.0
4631.0
4626.0
4626.0
4630.0
4630.0
4629.0
4628.0
4621.0
4624.0
4634.0
4639.0
4634.0
4639.0
4623.0
4627.0
4636.0
4635.0
4634.0
4633.0
4638.0
4628.0
4642.0
4631.0
4633.0
4625.0
4634.0
4633.0
4636.0
4627.0
4635.0
4641.0
4630.0
4636.0
4633.0
4636.0
4627.0
4629.0
4635.0
4630.0
4630.0
4640.0
4643.0
4631.0
4640.0
4627.0
4645.0
4621.0
4630.0
4652.0
4637.0
4639.0
4622.0
4621.0
4635.0
4621.0
4644.0
4635.0
4625.0
4634.0
4636.0
4631.0
4631.0
4641.0
4629.0
4639.0
4630.0
4628.0
4629.0
4624.0
4626.0
4643.0
4629.0
4625.0
4620.0
4621.0
4634.0
4624.0
4638.0
4633.0
4637.0
4636.0
4642.0
4638.0
4634.0
4646.0
4643.0
4631.0
4630.0
4642.0
4631.0
4640.0
4634.0
4635.0
4629.0
4644.0
4642.0
4630.0
4632.0
4639.0
4640.0
4625.0
4637.0
4632.0
4633.0
4642.0
4643.0
4626.0
4638.0
4640.0
4628.0
4635.0
4646.0
4637.0
4625.0
4629.0
4624.0
4644.0
4634.0
4631.0
4637.0
4632.0
4628.0
4633.0
4630.0
4636.0
4634.0
4629.0
4635.0
4633.0
4632.0
4629.0
4627.0
4633.0
4635.0
4631.0
4624.0
4642.0
4616.0
4635.0
4633.0
4621.0
4630.0
4630.0
4632.0
4626.0
4632.0
4630.0
4636.0
4639.0
4636.0
4635.0
4628.0
4634.0
4631.0
4634.0
4644.0
4640.0
4628.0
4624.0
4637.0
4638.0
4633.0
4645.0
4632.0
4626.0
4635.0
4635.0
4622.0
4626.0
4631.0
4627.0
4634.0
4628.0
4628.0
4637.0
4629.0
4633.0
4644.0
4628.0
4643.0
4629.0
4641.0
4628.0
4631.0
4627.0
4642.0
4620.0
4638.0
4630.0
4642.0
4643.0
4632.0
4641.0
4631.0
4627.0
4620.0
4640.0
4636.0
4643.0
4638.0
4628.0
4646.0
4629.0
4632.0
4643.0
4627.0
4637.0
4638.0
4645.0
4650.0
4618.0
4628.0
4630.0
4624.0
4649.0
4643.0
4627.0
4645.0
4644.0
4625.0
4637.0
4641.0
4630.0
4631.0
4641.0
4636.0
4638.0
4628.0
4642.0
4637.0
4637.0
4623.0
4639.0
4638.0
4629.0
4629.0
4629.0
4640.0
4637.0
4645.0
4638.0
4632.0
4635.0
4637.0
4636.0
4640.0
4638.0
4625.0
4642.0
4630.0
4649.0
4635.0
4627.0
4645.0
4643.0
4618.0
4643.0
4629.0
4620.0
4633.0
4632.0
4642.0
4630.0
4635.0
4643.0
4643.0
4624.0
4640.0
4626.0
4631.0
4643.0
4643.0
4629.0
4633.0
4638.0
4632.0
4634.0
4630.0
4642.0
4635.0
4649.0
4642.0
4634.0
4623.0
4638.0
4652.0
4623.0
4633.0
4627.0
4637.0
4635.0
4636.0
4632.0
4633.0
4637.0
4642.0
4643.0
4636.0
4634.0
4642.0
4635.0
4633.0
4637.0
4633.0
4645.0
4644.0
4634.0
4633.0
4633.0
4637.0
4637.0
4641.0
4637.0
4641.0
4639.0
4647.0
4631.0
4629.0
4624.0
4637.0
4627.0
4647.0
4633.0
4627.0
4629.0
4632.0
4634.0
4631.0
4647.0
4640.0
4636.0
4636.0
4637.0
4633.0
4636.0
4631.0
4636.0
4637.0
4650.0
4637.0
4632.0
4635.0
4633.0
4620.0
4636.0
4638.0
4656.0
4634.0
4629.0
