0.2500185
0.24935765050911304
0.24996034792942848
0.24859609837159025
0.24916407283895572
0.2538324073334104
0.26417695389660895
0.2798959467381389
0.3010248969804399
0.32344462317080447
0.34883789837442536
0.370135058925203
0.3884322810733521
0.4033464984503926
0.409849237892407
0.4182547926342613
0.42512438171746963
0.43368647786265313
0.43862855797350503
0.4432280330064654
0.44705631158187065
0.4518907942147732
0.4576689769374381
0.4632972287832137
0.46757158050811504
0.47048951114151316
0.4785768325219031
0.4845901243223908
0.48865446014624647
0.49124572882762396
0.4975613336107617
0.5012275137081269
0.5044185888561035
0.5118211285385869
0.5142353455613413
0.5194388363355887
0.5244193912397749
0.531446807536348
0.5325243345875202
0.5373757767875087
0.5386367014984603
0.5499813085114996
0.5524071428412788
0.555898922574265
0.5582046737272174
0.5620368517905354
0.5673994093685483
0.569251723746664
0.573174420466071
0.5788627920182401
0.584991108361456
0.5846464380801455
0.6331830597659539
0.6377645971125403
0.638141162425289
0.6435987273296898
0.6422191053999978
0.6423941404096848
0.6415361492231878
0.6445459482005803
0.6405401483873254
0.6397683533358426
0.6422234498970194
0.6391898543319857
0.6398846118817466
0.6414831319446581
0.6400792811409955
0.6387941828444448
0.6415478495976779
0.6411267137325393
0.6416738069732573
0.6427501814194575
0.6428693327408438
0.6429603133905083
0.6422959953859
0.6421577124023203
0.641707671076019
0.6432428665560649
0.6442278018862991
0.6441221927531786
0.6448063124653788
0.6450264936190665
0.6434213528171736
0.6452007064885972
0.6452348774131125
0.6470208617056769
0.6438369493418807
0.6476178034979491
0.6433035790835975
0.6436377652276428
0.6443540267694972
0.6444410932245316
0.6448581509830512
0.6433073177536438
0.6433271649420539
0.6447730590920112
0.6464568716861869
0.6472887538555472
0.6461985834556888
0.6465402278466275
0.6478292992810754
0.6462570921260403
0.6455039965822705
0.6453636890131462
0.646327172930942
0.6465725302707395
0.6476559264401484
0.6462577710812191
0.6457042755587306
0.6456888832336276
0.6467236169862283
0.6475794288971786
0.6463572640840334
0.6471631834253254
0.6465314856980284
0.6464364754685399
0.6468664126379242
0.6483991304295017
0.6465834771032098
0.6477124853271072
0.6486243861453453
0.6482692151651227
0.6481967272141589
0.6469220843099132
0.6493480956495471
0.648481902362376
0.6474528043804255
0.6475162163380952
0.6468451158494074
0.647828068977201
0.6499354542444908
0.6465120385758609
0.6484310060167302
0.6463875111228325
0.6476573947808769
0.6481494843999426
0.6472167789263638
0.6489253831517727
0.6463780452869158
0.6487402302005695
0.6481578680851594
0.6491798818384941
0.6477284510572686
0.650714795542604
0.6474413372046429
0.6490255503263676
0.6488964609052004
0.6480436462450541
0.6467425955407351
0.6497575206943428
0.6479725761601759
0.6492336708479991
0.6472848259764469
0.6487575769680453
0.6485684504891992
0.648456827930607
0.6503386718480507
0.6501634660704093
0.6482388429912014
0.6491938456945356
0.6498941095105066
0.6477530275555654
0.6502386761502461
0.6501350482506558
0.6479753658693029
0.6494351156150286
0.6480687195378451
0.648863082723887
0.647810877663269
0.6509930972058061
0.6489852771560028
0.6497507368356197
0.6515391398227238
0.6500583385009736
0.6486415511788305
0.6480171405410502
0.6492213308144339
0.6487244990530985
0.6495146666928632
0.6510662831907724
0.649727658352792
0.6487344705640026
0.650563824468253
0.6494142777426611
0.6490482351364661
0.6517113649084177
0.651599412943848
0.6483960160155294
0.650132115897174
0.6516028854375824
0.6503312862965234
0.6505979346580976
0.6500945969546738
0.6494100888475587
0.6516006175614804
0.6485792847361104
0.6493164222689161
0.6493838398224969
0.6510164939750919
0.6506047649578748
0.6501937600343711
0.6519890803003132
0.6494771993915137
0.6504786321353457
0.6502324257230708
0.6494597396710867
0.6514668290958386
0.6497395739367304
0.650889865094264
0.6511464137872675
0.6495119646199609
0.6500085306949565
0.6512903154471593
0.6508731611886084
0.6511420706476367
0.6509270765069023
0.6493723972460026
0.6494986630303294
0.6505874801697127
0.6502800780083143
0.6507599926134345
0.6500722964923757
0.6497365624293466
0.6512765498820022
0.6496793953193477
0.648561408093508
0.6501324130012267
0.6489155850538083
0.6504230205727514
0.6505791003740005
0.6505753015849695
0.6501886236460648
0.6509852493647017
0.6495723565772038
0.6499414034411823
0.6508712624518855
0.6500324259281289
0.6508103604423668
0.6500146160928406
0.6497850739158167
0.6500010682419208
0.6520382650424831
0.6494475475361873
0.6517533540467697
0.6498563138656536
0.649956952784565
0.6514465512256399
0.6513888471389584
0.6511542914666154
0.652520120001734
0.6511189861025163
0.6494830236432004
0.6542254035202245
0.6502522795691583
0.6471328881928277
0.6504444168427819
0.6508921447104095
0.6514699823634349
0.6505999444280137
0.6496096521636393
0.6523665910415568
0.6511225331091424
0.65142010912037
0.6514706551308228
0.6518006893330365
0.6523720162460198
0.6516005990282849
0.651876331300446
0.6507120746769686
0.6518785314644856
0.650738684643138
0.6512083357583084
0.6514600315056994
0.6503778410396716
0.6510905581055395
0.6518125578771949
0.6529683812289693
0.6531933222356219
0.6524503652146751
0.6534680753317246
0.6497474823303411
0.6509609170228202
0.6503521334391859
0.6502702543679741
0.6505029910523639
0.6501069715132138
0.6522038578080721
0.6515728297179442
0.6506351129850039
0.6517125686896793
0.6516834851976003
0.6503271981495875
0.6510063806362278
0.6517880206402671
0.6503352085382326
0.6499699361955439
0.6505098614347964
0.6522497682216758
0.6509078580791895
0.6530453927337269
0.6512866457772464
0.6520784227493472
0.6511910152939052
0.6522472444656532
0.6509080088187978
0.6502478357516533
0.6513748012926331
0.65202521333272
0.6513100604113481
0.6508689550811085
0.6508040938406503
0.652331290754775
0.6500140465643043
0.6515817865099668
0.650927448278422
0.6510582600663648
0.6514185722504618
0.6516505890618833
0.6516690458321738
0.6520091036680559
0.6522271239085132
0.6507485102463252
0.6489526404744366
0.6521749364608957
0.6517164926635887
0.6505436302010601
0.6523060412106285
0.6504157472495865
0.6513480683880394
0.6505786311097165
0.6521418799392731
0.6495656413356669
0.6523471648576304
0.6516936368611911
0.651713100287108
0.6514173810182393
0.6520372424682208
0.6500428982524429
0.6508298934770232
0.6524853425078535
0.6524296407941987
0.6515974841187533
0.6511632847137604
0.6509089271351646
0.650504370353064
0.6516141721644192
0.6526227193973397
0.6535825991878927
0.6515050661777809
0.654050326720086
0.6516448581504668
0.6512581286263699
0.6515515309798647
0.6518781987459675
0.6517331617075116
0.6522843573171571
0.6500289067309107
0.6516911763748258
0.6526091027601327
0.6524598893163523
0.6524175548243192
0.6520977523188608
0.6526925373378522
0.6516230987394889
0.6506106045853588
0.65188774737401
0.6528159190414686
0.6512803227242304
0.6517024510111371
0.653603464142994
0.6504495900607323
0.6516968041965011
0.6511429831155798
0.650634995954587
0.6516828077820456
0.6515033127493038
0.6519503870143976
0.6526772285075445
0.6520640178630795
0.6511683059304856
0.6516261906320875
0.652620964505429
0.6529723227502173
0.6516978944758762
0.6518186135914565
0.6528786238973818
0.6521355270506048
0.6516211377498441
0.6521248013105904
0.6519127912925963
0.6539172281797824
0.6512964808699233
0.6517426043888322
0.6519992237591227
0.6501046620102622
0.6532564768149574
0.6528475439244836
0.6529308647583609
0.6531951990561805
0.6529716648304671
0.6538497360829463
0.6523343098217415
0.6525891960623207
0.6529718552582289
0.6518606726242454
0.6534008746450491
0.6530653971675032
0.6513563621254321
0.65353546998621
0.6524588247474452
0.6532385451985929
0.6508516464001087
0.6516732335548816
0.6502869423208769
0.6519239468683038
0.6533445928710938
0.651815511143104
0.6539779891614595
0.6529295037674134
0.6520003604590977
0.6519929825045032
0.650900899727888
0.65138313393536
0.6512573093766315
0.6522131820658159
0.6523526786861311
0.6514965043651145
0.6504680332823307
0.6508203551637175
0.6529850981788273
0.65219321619542
0.6530685475672658
0.6508993446560405
0.6523868408854062
0.6532462201897902
0.6510594877744569
0.653780594331927
0.6519462830421539
0.6523430581098691
0.6508274798869058
0.6526978525584919
0.6526876834915011
0.6536779571316502
0.6528375115822823
0.6519099151222771
0.651735785705586
0.6519939977891981
0.6525598693259592
0.6535696774321458
0.6517875553531495
0.6532765452636474
0.6523467487454999
0.6519733625301444
0.651514054586708
0.6523193315323382
0.6511433606692987
0.652070477009779
0.6505052752906019
0.6492932861589056
0.6518939899205557
0.6508659833974814
0.6524145843827263
0.652624855667242
0.6532465884027602
0.6525784273023713
0.6521077484104792
0.6506861344116647
0.6513172067015907
0.6520376647273969
0.6515650040900394
0.6525700509143878
0.6522659184248245
0.6525578866509756
0.652139044823777
0.6536141989340006
0.6521365028694517
0.6525591615310574
0.6525759123429785
0.6530632915388588
0.651712574777426
0.6506321888487178
0.6526677977539046
0.6523735491929158
0.6521256613454711
0.652826611813287
0.6530391028643975
0.6537684374610124
0.6519574605484673
0.6527145106146349
0.6534645251179281
0.6517357992997737
0.653114198688404
0.6519059370568765
0.6493599753775462
0.6523264842358358
0.6527607688786284
0.6522163264261721
0.651264352468825
0.6532722877360793
0.6522895923714914
0.6528727873580396
0.6509664365114085
0.6520276162901593
0.6522509481720227
0.6517896393664021
0.6537991627351112
0.6525251707050134
0.6517576421137358
0.6511415697607285
0.6519247497569493
0.6522299829244428
0.6535049007436247
0.6514457025890844
0.6516522195577009
0.6527887724406295
0.6507800809536627
0.6519869549444043
0.6517550180960989
0.6524278644723387
0.6525556506074764
0.6542575342389454
0.6529322373280828
0.6516220386433195
0.6522789564252867
0.652235928813334
0.6531275804099588
0.6520311234277888
0.6525487497590727
0.6543113294197589
0.652343555873598
0.6528915539745307
0.6513731774883423
0.6497563793309648
0.6507039966762163
0.6520532060503329
0.6517894180869531
0.6516185591746789
0.652119093144837
0.6510087282672056
0.6510126493506452
0.6517777834304251
0.6538257644313462
0.651414259057725
0.6535972661602055
0.6520623763470585
0.6524192584540954
0.6535334604152819
0.6523823967781539
0.6508234326520129
0.6524935217837842
0.6532764130023088
0.652851037478603
0.6530297471290928
0.6519725193612923
0.651861421762367
0.6514871335013395
0.651674643457728
0.6512854586387813
0.6529708298248252
0.6512102713117821
0.6535449711081366
0.6536690411737724
0.6526581822243831
0.6517592978459851
0.6521426983637957
0.6524535111475858
0.6517020038538291
0.6521737108080863
0.6509261226165084
0.6523227296320186
0.6516348271701495
0.652258510489445
0.6513570975157448
0.6507974921132313
0.6538369744152175
0.6533127147052343
0.6509912965461788
0.6533005997313546
0.6519054347524736
0.651175470153303
0.6532120567183116
0.6526671637258326
0.6540591430905224
0.6510996484518653
0.6528388868484559
0.6524957134187213
0.652518009623416
0.6516253686972103
0.6519178233007484
0.653671072072036
0.6522481893988845
0.6531286367622775
0.6516423791162516
0.652407291341851
0.652401992842872
0.6531717759840435
0.6527882741323837
0.6521487138334582
0.6516338797355763
0.6523650712211537
0.65079357077413
0.6535468637586987
0.6526876917085418
0.6521190632111744
0.6531369987467309
0.6532464159359732
0.6518755804006808
0.653664213077431
0.6513436510094873
0.6534491070789425
0.6523328419178042
0.6532291682259762
0.6528984708208272
0.6514535261639202
0.6532374649254349
0.6534398884968684
0.6535672495063032
0.6534213273957407
0.6537656494380845
0.6520111279291357
0.6538372448955027
0.6524799554638367
0.6502024292324698
0.6529905840650992
0.6521038793033046
0.6524345664251971
0.6516941646267598
0.6526631924864398
0.6531887557796385
0.651942455631337
0.6522428038320892
0.6510390977778067
0.6522897208466527
0.6530036981755016
0.6530360946068933
0.6513512329801856
0.6532713544677032
0.652684411477061
0.6516472321947782
0.6539189513771175
0.652950628177187
0.6514855591350367
0.6522024554188477
0.6536951216439055
0.6527515857651026
0.6529576511708993
0.6528730155378742
0.6534216375944023
0.6517264238916909
0.6526253544002387
0.6519709122949484
0.6529111464900348
0.6521910370586137
0.6504375742539708
0.6520951366487108
0.6528357951836883
0.6532650212888407
0.6528879922672561
0.6533302016426705
0.6529136734423463
0.6526761776413831
0.6525330108945604
0.651945173593796
0.6535819772682049
0.6523009446339665
0.6517742013566798
0.6527594074341327
0.6531644749786787
0.6529741701643362
0.6524860110818453
0.6533153867067079
0.6529477709140328
0.6551101443164824
0.6520073954870711
0.6528181831773374
0.6539126980244836
0.6537693486855137
0.6523111556010283
0.6520018004290145
0.6526770520711844
0.6516780901382303
0.6540371455058136
0.6518299004769185
0.6525507406740441
0.6525838583191499
0.6525082285317388
0.6519107304723357
0.652212139104567
0.6497287520853133
0.6530445932414876
0.6515393781984575
0.6532981192488095
0.6512387801879401
0.6528958247449806
0.6526591530838314
0.6495626181713015
0.6542236412097077
0.6544694356068839
0.6512066617636043
0.6522069197825062
0.6532802618452481
0.6511400855887477
0.6510774116809873
0.653185840284534
0.6522808876046358
0.6521983964457604
0.652479031000907
0.6514647800876788
0.6531775178769884
0.6509387177554565
0.65180157013635
0.6518241897632956
0.6524501312232011
0.6536930429096077
0.6530717426133436
0.654929548015447
0.6538296289176014
0.6529966868291194
0.65235574837748
0.6527210210786772
0.6524141743863078
0.6516774693909371
0.6516199812084885
0.6534452369929401
0.6509642929979556
0.6520817822230416
0.650986179729248
0.6522617922556537
0.6533155822033256
0.6515912520265448
0.6538688597308799
0.6532097392510433
0.6543889616581275
0.6527204230041787
0.6529857714193935
0.6542021251611508
0.6519053609298537
0.6542051040228742
0.6535872026112117
0.6522269389643476
0.6515846561429415
0.6530740584550807
0.6539633399366305
0.6531124541246993
0.6533194925265149
0.6520156543592351
0.6543568022921867
0.6521766370852304
0.6513860870807823
0.6527209749092299
0.6524505904868341
0.6526069934962279
0.649884511807792
0.6533605028707519
0.6518912357722975
0.6535679319945988
0.6529306062876356
0.6510514890271979
0.6531462024471442
0.6543810660558287
0.6534401532990819
0.6541136986683495
0.6523394944217212
0.653663082532538
0.6531477403470081
0.6524691732380645
0.6526522453788333
0.6528036244970101
0.6531767528078706
0.6517840091349464
0.6521447155081141
0.6515045416120251
0.6545434017248343
0.6522647716686731
0.6526321480294104
0.6527771998005341
0.6541885968208383
0.653724433010906
0.6535235944065212
0.6542341319836933
0.6537194524612329
0.6517840467873022
0.6518948325455591
0.6547627963244292
0.6531757801108442
0.6530443910314423
0.6520717862635638
0.6518445452040318
0.6526239659550181
0.6522623359922877
0.6525931050841137
0.6535402350965432
0.6529033772779137
0.6551611273933152
0.6543471002480129
0.6536478755124717
0.6520189536364555
0.650531367153144
0.6518636900881684
0.6545870606865427
0.6525153938738727
0.6523729718835954
0.6525242185057379
0.6531950126892383
0.6536605963713318
0.6523396828436202
0.6531583204038002
0.6528622751694633
0.6534254116314273
0.6538987645491955
0.6536959484739912
0.6533227362976781
0.6560136474119865
0.6536148950921747
0.653368380134636
0.6522513147915281
0.6517625244825608
0.6525525911342105
0.6534805223594639
0.6534869583800539
0.6532476378413646
0.6531082302768286
0.6533806857693135
0.6532973882977673
0.6528466722425709
0.6524561321021232
0.6540251438636906
0.6533881670684251
0.6518071101806733
0.6537554900914091
0.6544108286953398
0.6537761800974554
0.6524775311670079
0.6555074021982012
0.6518255999040196
0.6539372946133707
0.6534679482251788
0.652929737375743
0.6520757972360378
0.6539619798981623
0.6530552076663503
0.6542908195892668
0.6508873472934928
0.6523858426493088
0.653376218207136
0.6543570901210038
0.6525348747525567
0.6528182798393829
0.6540215168782122
0.655336019410181
0.6529103967579605
0.6525490807646797
0.6539450265816238
0.6528450770215127
0.6528481188904535
0.6525547503277745
0.6542836718696001
0.653633115466818
0.6551145323827984
0.6523575656508378
0.6531884390855298
0.6537744792160534
0.6533675798960897
0.652997603782494
0.6518994004163194
0.653011333659602
0.6526822407679858
0.6510684633782777
0.6531945772545066
0.6518718083829362
0.6525781423827333
0.6505136105453485
0.6522736652928728
0.652724512609594
0.6541884334421849
0.6537433682407375
0.6538890625630593
0.6531051511251315
0.6523616256244247
0.6518327253640959
0.6532907165488822
0.6528723397515486
0.6522803550911618
0.6517853730357817
0.6509834448338968
0.6523981157726289
0.6525438829232716
0.6536052736399328
0.6514950432146281
0.6519173651275184
0.6526053214293972
0.6533637702709794
0.6535677738290591
0.6518109173132898
0.6522453637045242
0.6528152211279964
0.653525377745519
0.6525975717381486
0.6532332871827934
0.6521041191032931
0.6535342427927608
0.6523033263133783
0.6523597445618137
0.6554062539817994
0.6524915999278749
0.6529093856670591
0.652261641859964
0.6527171846035512
0.6515726025522032
0.6530566066451736
0.6542164023390491
0.6531117618789258
0.6536821309110938
0.653069314421424
0.6516119058162506
0.6530965474192982
0.6509002660377972
0.6539004273481107
0.6529621034776777
0.6527855275032672
0.652132027296548
0.6527794954842062
0.6525962338408204
0.6538127894384655
0.6547000431235172
0.6512948555009843
0.6512323512059843
0.6528819692360893
0.6531542939352925
0.6523948678581095
0.6521104657507725
0.6526920254314921
0.6515028791019272
0.6544056303806751
0.6542005722595303
0.6525982475329907
0.6530044965045987
0.6539362943802864
0.6516402158864466
0.6517814060764004
0.6525245475922529
0.6529844138300415
0.652752795419406
0.6516417404374326
0.6538033463583863
0.6550206871931098
0.6531862386855778
0.6525079031030553
0.6531879749742987
0.653215322781557
0.652306071553508
0.651185926413715
0.653604251154317
0.6538646911019402
0.6528243869414306
0.652267084951529
0.6529060461147017
0.6534334794346037
0.6522474185176859
0.6526051466725756
0.6522337333827806
0.6539792137038053
0.6515793732817184
0.653327491610543
0.6546250127651002
0.6525233478607008
0.6537466376739333
0.652373218118687
0.6533482124925696
0.6537103059906244
0.6535799946768509
0.6525985295942358
0.6530321221997439
0.6535596608633679
0.6519074784594769
0.6534770877174342
0.6522568645752461
0.652247079292884
0.6528114890349496
0.652968405007969
0.6534862719344643
0.6525267408775299
0.6535987542308586
0.651312158077954
0.6540019284774086
0.6528434935714915
0.6522432049574485
0.6525376066184149
0.654831311279827
0.653135476643108
0.6528216754993679
0.65129343631454
0.6539544561495542
0.6527646811276396
0.6528043615841292
0.6537616319638214
0.6524593483215533
0.6542425178170744
0.6522263343574557
0.6541758830672378
0.6528806953682534
0.6526255226897392
0.6534588942432806
0.6544504260666428
0.6530470524745003
0.6532188271332111
0.6527567895762144
0.6530520351486486
0.6518784265659899
0.6526598430422352
0.6527123876325631
0.6535702879398544
0.6533177113497043
0.6511990115117489
0.6527011224545621
0.652306527777164
0.6519742827192396
0.652395836940413
0.6526940086617751
0.6524536613640209
0.6525993957960146
0.654144552694102
0.6531368453016064
0.6531449655256758
0.653317124947773
0.6535778468498237
0.6541180160599194
0.6510943821405024
0.6538139065982539
0.6522458377718252
0.6518574337517624
0.653494455723273
0.6510634002164248
0.6517496710569692
0.6535393475875376
0.6526335161172794
0.651682855634152
0.6521539311674392
0.6545725508000451
0.6534181630190048
0.6541531874983714
0.651174782723994
0.6535912740679999
0.6521815617088688
0.6533628744136645
0.6543123400633006
0.6549483381327721
0.6512791793189391
0.6538777132105281
0.6543084078689837
0.6539614961017526
0.6530004125265387
0.6524806635114327
0.6540750736689986
0.6542693196055107
0.6521859886158196
0.6532755016988241
0.6535811792847636
0.6522559724749698
0.6529298515018245
0.6521582190127602
0.6532036844807488
0.651367143439255
0.654443899970002
0.655782148616124
0.6541154491801896
0.6530584768612662
0.6538639667526175
0.6527861172996491
0.6525954429023787
0.65184114686393
0.6531342136634415
0.6518874210212217
0.6540335770027206
0.65146093344251
0.6543884344119715
0.6531225469316915
0.6550845473198653
0.6533264150693764
0.6533821671504308
0.6543183211709167
0.6521075579982363
0.65272606501142
0.6536691442683151
0.6528218538189818
0.652092747026349
0.6534603283410205
0.6525733265083649
0.6536389564258933
0.6514501724791469
0.6527343244426622
0.652565732745381
0.6515143894102833
0.653349224487518
0.6540332247589908
0.6505758809741475
0.6532456963735234
0.651848782366356
0.6510522971974109
0.6536438716303621
0.6530686108813353
0.6524914746840434
0.6529987885199056
0.6549959294794877
0.6519595486194345
0.6533623591654082
0.653373721392202
0.6522817390777061
0.6536780194219308
0.6527901211734475
0.6535558950757222
0.6527688696572262
0.6544640957238186
0.6538484221578972
0.6530263911862311
0.6528992890574249
0.653944889153453
0.6536065772611596
0.6513151878732111
0.6523780077372657
0.6520859938259472
0.6530279239543338
0.65327644300053
0.6521205288440868
0.6527386784069038
0.652771325224077
0.6523317844679568
0.6527666102697708
0.6535827651945348
0.652828135400064
0.6516968526970395
0.6528532056007178
0.6531862793139848
0.6515382578420602
0.6513904923172036
0.6549832477994941
0.6543638345462582
0.6537616665137738
0.6545512061641781
0.6533072670975204
0.6540910486433248
0.6529038234057727
0.6529149352487237
0.6520284098514827
0.65274470106692
0.6529695391866756
0.6519838109648416
0.6536305994290851
0.6527055218834182
0.6529471961987457
0.6548150384277192
0.6517559939800353
0.6529913436290431
0.6543370609153288
0.65196159037953
0.6525987823989762
0.6536734848882059
0.6527573286197057
0.6514229165767516
0.6535464899584865
0.6527618495621377
0.6529667934925396
0.6534059677830606
0.6515835027005599
0.6522800251880493
0.6531654137583619
0.6531510405090692
0.6537063531476255
0.6549573183352412
0.6521215174701375
0.6523319808658664
0.6531113709591914
0.6526861981208161
0.6534725837549474
0.6542925674515806
0.6541382848665002
0.6534685104207033
0.6540450256940932
0.6541781586721791
0.6520790917805455
0.6533091352426068
0.6532193624328886
0.652714749234989
0.6516827310462463
0.6527104126343231
0.6540591140065682
0.6529100839961649
0.6525622050196014
0.6525413806147641
0.6530872286774424
0.6522099664020459
0.6537971058745807
0.6518438881732763
0.6526942497883063
0.6522982151188983
0.6528735341079788
0.6531574410490089
0.6537291094596935
0.6527649898821006
0.652273964261088
