0.500373
0.4996860761112311
0.5000757395943051
0.49984227591953256
0.4992672221960747
0.49863799677870946
0.4965473444043556
0.4948861025147035
0.49165503583554565
0.48955591341159077
0.4866153362193019
0.4815631648113696
0.47976258981260655
0.4768531260305021
0.47557568009577345
0.47154945041530455
0.4699373946390887
0.4661925497705588
0.46331539928804394
0.46032422824725844
0.4589622173266974
0.45599938367983156
0.4535190446410116
0.45011223672425693
0.44735957939172466
0.44512656207102697
0.4409750556600741
0.4367348097454171
0.43549251265967454
0.4336381423443105
0.4293420380431212
0.4271123646751793
0.4258331194655491
0.42113358445536747
0.42030540205631006
0.41443474320341095
0.4129342126755068
0.40735056185856705
0.405440929261377
0.40351717097622825
0.4012355359708532
0.3927504995254943
0.3919141722012239
0.3874151444157428
0.38627493633422616
0.38409959145253336
0.37943149970215706
0.37888117957009415
0.37368280771426654
0.37061650812831415
0.3667851954562999
0.3661281191024815
0.33315086009858524
0.3305226428741556
0.3304744148720935
0.3256704066218517
0.3262345691066299
0.32795119586051363
0.3277374860027472
0.3262939608822873
0.328446525722112
0.32967774466235406
0.3273645684115802
0.3295680479148079
0.3290849601313754
0.3280071143507235
0.32958780571786733
0.3290010354861795
0.32799993783427406
0.32785980143852184
0.32773110339857625
0.327133590767871
0.3272439125016588
0.32651971841346544
0.3272078304593991
0.3261902201537612
0.32682862572135063
0.326635453241686
0.32527683811645874
0.3258222727341884
0.3248125018610063
0.3251974672475505
0.3262282760594919
0.3250432250145161
0.32438657216493794
0.3242695726602565
0.32609545677328017
0.32345197564556605
0.32548035772253164
0.3258507488618892
0.3247681496221235
0.3251973541823783
0.32471371422292705
0.32611824528338873
0.325963222019845
0.32535834285899257
0.32316735142996983
0.3234638991368349
0.32466811943749585
0.3233161754740576
0.3223934475497533
0.32371498297511225
0.3247315485759675
0.32503264915333463
0.32312775508190794
0.3236381268069905
0.32261682116851403
0.3238824371933077
0.32435653373152495
0.32409457625845206
0.3236577402706238
0.3227840477295561
0.3242101441515942
0.3230506376991757
0.3233173596225319
0.3240663272741303
0.32320082906943814
0.3223318541556563
0.3235686982065089
0.3226216357234524
0.32221895755751345
0.32213470548852613
0.32166727624113156
0.3230052785879562
0.3211284104642144
0.3213233028612399
0.32315039618587266
0.3227128906766766
0.3238831534518551
0.32236317632726924
0.3217688635735999
0.3227789249410123
0.3222935576524404
0.3232806943171142
0.3226515716641139
0.32207964908680387
0.3224514149703668
0.3210811966003602
0.3239942471765188
0.32146118153975634
0.3222462017664187
0.32201399977140555
0.3222390836989699
0.32094608928810026
0.32325788976531983
0.3212206649687498
0.32202090867188377
0.32258933702198533
0.3223070677350879
0.32103908577500256
0.3229697948842825
0.3208429197431172
0.32192613179994695
0.3217563436149492
0.3218772140789616
0.3216799425900679
0.32034658300610425
0.3202346282600354
0.3217789042580387
0.3203887488163387
0.32145336060728036
0.3221762120818497
0.3206093617664589
0.3201342352684037
0.32203716438247215
0.32149926117530525
0.32191753892739017
0.32223158315875494
0.3226135733601278
0.3198357764409729
0.32131816988520256
0.32043770181029907
0.3195132598386287
0.32032912164747
0.32174752056647143
0.32184328981122157
0.3213828210119164
0.32127780949005813
0.3207206998822191
0.31982859795825613
0.3204998396724058
0.3215658016607801
0.32010856513437264
0.3208974000404253
0.3208648972708209
0.3193386249657239
0.31845665106847126
0.3217662159342772
0.32074609126513237
0.31970338232225226
0.32066334709426103
0.3197416146164604
0.32094270188599483
0.32093190483313633
0.3207692867271199
0.32309735850855786
0.3207581864277583
0.3208184178273066
0.319129089753316
0.3200190786235466
0.3207018036500335
0.3191683472914423
0.32032046890717064
0.32119588509417013
0.3211163638853057
0.3211817971949859
0.31966479206816856
0.32042207585419386
0.3198466350329276
0.31990742019578705
0.3210017053605299
0.32054008550317936
0.32018009387530627
0.31947860046995225
0.320476101452012
0.31974263941530723
0.32064834189262514
0.3216342429025645
0.3203322704886964
0.32017472898553023
0.32073593214411766
0.32046214129623574
0.32133311626653077
0.31923427565299123
0.3204475180643038
0.32184119416489987
0.32079668097775094
0.321162106742291
0.31946826256531635
0.3198249120463362
0.32013947520660635
0.32021055797499565
0.32016346484721253
0.32147169648833296
0.3202817845996098
0.31985466391743034
0.32157688620502206
0.320306665843978
0.3195041841353164
0.32086984696437737
0.32065335223867847
0.320263326617303
0.3210439577132951
0.3193914464596753
0.3206240254388763
0.3200706301642412
0.31949312026875
0.31911655778212716
0.3196712796127873
0.3190471759898127
0.3196723898550083
0.32022671392516694
0.3167988292841292
0.31969848953281904
0.32158515207086147
0.32032416896920446
0.3198753394555555
0.3206635567741799
0.31991314224103035
0.3209796881249366
0.31847561363162397
0.3197359164382592
0.3194494697131893
0.3190363352405738
0.32037469960189574
0.31836609136139055
0.3198037600492494
0.31954081544289115
0.3196903124498171
0.3185628965664769
0.3189879063565617
0.31980518898836924
0.31979945850086816
0.32014166552003476
0.31968940047110167
0.3195751999888267
0.3187954347773153
0.31934822824316095
0.3186732956594791
0.318817373904029
0.32019022261921815
0.319975507970089
0.32026507036381874
0.32036337656355884
0.31935811585760326
0.320447500955926
0.31876030239173586
0.3196484712886096
0.31918970533519525
0.31939441100423993
0.3193821611975398
0.3201705622036256
0.3205593045126263
0.31964902482508795
0.31911652201178786
0.3208137720762159
0.3204974360153197
0.3194434960173453
0.3198617972238357
0.31834039339944264
0.319503687893313
0.318854025534284
0.32020422182738495
0.31867745857052304
0.31992030370212376
0.32055191518600895
0.3201250555992722
0.31965818888559644
0.31998239700884384
0.32082390272915245
0.32001263093535537
0.3190841706588684
0.31980722907207443
0.3194297848760663
0.31901004628287266
0.3201167892438585
0.31878264047408966
0.3193414906388703
0.319225104331936
0.31907660460236753
0.31885002366009446
0.31921041699277514
0.32074698898943543
0.3196778958219278
0.31910585409014547
0.31962906322783385
0.31873974663164817
0.32005688519069514
0.31956030205042407
0.3195808964395239
0.3194584566996847
0.32097061012026556
0.31876567451036
0.3197022571003262
0.31867930854365834
0.3192776936369803
0.31906796727570075
0.32074385626834945
0.3195139564211918
0.3185774956698756
0.31895711119151887
0.3191184922893806
0.31940687166308307
0.31959398876634826
0.32035967262351744
0.3195737431835153
0.3195586410092476
0.31775450683875617
0.3183274031485809
0.3175027696655509
0.31976769011264955
0.3202451041420061
0.3192881062849913
0.31987981450826725
0.319212636653117
0.31891135966038964
0.32070895733502114
0.3183102808133232
0.31926699210363163
0.3193935137770313
0.31832688842427465
0.3193498995023287
0.31810862073101454
0.31890573179845144
0.3201769828306661
0.31907291508867464
0.3188292436578228
0.3201000984375548
0.31942514738320354
0.3185549861551511
0.32040279849129477
0.3202455655703665
0.3198852047132609
0.3200259684900682
0.3196934685697785
0.3191908800068882
0.31948791664346105
0.3190759451804037
0.3181429688446695
0.3195751423162131
0.3190349038332992
0.3186367786163642
0.31813179632712485
0.31884323004030857
0.3193827696082851
0.3187659659007968
0.31981402256372315
0.319407814127437
0.31913263095047756
0.31911077841081253
0.3178181804726339
0.31964780298035406
0.3198591548545353
0.31857059956864503
0.32056171289666097
0.3177951425348328
0.31886358192578657
0.31803032865876235
0.31852624160563453
0.3184502418139721
0.3182143914136268
0.3182575748248794
0.31836641236335184
0.3175645348264598
0.32009332917609556
0.317922167732271
0.318397269442574
0.3194290193457148
0.317288812071736
0.317957568829057
0.3184031800795626
0.31934722034224056
0.3188271605425449
0.3201440966918264
0.31968913901097945
0.3182929393448131
0.31904533873266055
0.31710352599197583
0.3189627116821273
0.31918856314955585
0.3193327373962534
0.3208750933876439
0.31932059801562235
0.3191037317310612
0.3189734360302535
0.31832200867132393
0.3195383804339022
0.32031808330445777
0.3196194294942878
0.31773499191749827
0.31921565478131564
0.31810840579290145
0.31982940153538003
0.31955780466280914
0.3179677400807614
0.31886033495748395
0.31780920514417216
0.3182041441422892
0.3182143531987811
0.3201012598757853
0.3177391477218634
0.3186285879054718
0.31759141855192075
0.3192621273465545
0.31873649579504276
0.3193174424981789
0.31889174252815966
0.31852696129170965
0.31827855530188875
0.3192165012602347
0.31818502834058227
0.31898176534870526
0.3195620690307934
0.3193427622729902
0.31900929686067747
0.319772762782668
0.31891177388523945
0.32063947248030117
0.3212608369689788
0.3191594452512642
0.3195709444940563
0.3182538707838868
0.31924514430845785
0.3184156735633194
0.31848135037988007
0.3187026514546573
0.31967410601466373
0.3204251827542351
0.3192085749175173
0.3195666377108677
0.31946997214489586
0.31931691313339633
0.3179870437145286
0.3187594584901493
0.3180408743568801
0.31864622980299073
0.31925392535353936
0.31829300361205737
0.31823221984652494
0.31936600551780137
0.31980538875500125
0.3192922898795281
0.31845422921327043
0.3190847344289354
0.3184945158988572
0.31906768836656674
0.3177051431347374
0.3190896225737424
0.3183512714942577
0.3183457385012499
0.31937168113005204
0.3178680218696092
0.31920945382883714
0.32053474705489443
0.3191497906230616
0.31831738521731273
0.3185448355473563
0.3199579818573599
0.3187208764999856
0.31860522388123824
0.318275099281135
0.32028520436714425
0.31841131232456354
0.31847750607545955
0.31934446838652986
0.3185975412955833
0.31852122740399835
0.32015782498473433
0.32041624976111416
0.3195102848975638
0.31997790969261153
0.31766088934972336
0.31895267117015963
0.3203967689989388
0.3182183577904918
0.31918884635640166
0.31933364122530983
0.3187156827475124
0.31939820630791915
0.3181660672631664
0.3174883605875993
0.31825115257724185
0.3187638338883914
0.31781666469040454
0.3195397536278031
0.3182604926811814
0.31970855673397763
0.3189751196286381
0.31788661143712327
0.3184775065797332
0.3186828385169123
0.31937939869069176
0.32039829708111983
0.32039496715082144
0.3180820646761339
0.319553548148443
0.31964848653071326
0.3189631768035712
0.32045894883913545
0.31991082279137895
0.3190929714056723
0.31802463717632207
0.3199396606868774
0.31722751794602877
0.318720013175239
0.319591435114738
0.3173649808227572
0.3187672166934151
0.32029015375041686
0.3176574916076829
0.31836610334785465
0.3173232645952689
0.3181851993168374
0.3188043529774094
0.31924265140066904
0.31939830550675713
0.3183915534232414
0.3202796177545796
0.3180191803640775
0.3198155856368453
0.31817234613574313
0.3173713373945525
0.3188483128369184
0.31903073932980414
0.3192095956842769
0.31848466114397506
0.3190435518493849
0.31934934029643247
0.31937048570784066
0.31826351707982703
0.3184384791269159
0.3192266440181815
0.3191586801235034
0.3194544990171171
0.31831759059819825
0.31783527752043833
0.3198677667364332
0.31817545726481333
0.31926586121017925
0.3191176191797346
0.3185034161370572
0.3190763759735521
0.3173777212978833
0.3191296302390024
0.31852121463371236
0.3190117825617173
0.31916920207706406
0.32000175611588844
0.31929547749981035
0.31795790889598385
0.3185449384694416
0.3178725598522888
0.318785731158297
0.3194340505934569
0.3188697824017613
0.3174102203840665
0.31840965861185294
0.318861115629252
0.31850390125503525
0.31907065650734123
0.3199038727771286
0.3179128639338081
0.3184537257657994
0.3194811647596161
0.31901376312501056
0.317664865646613
0.3200172263934342
0.31741325820306937
0.3197740631643896
0.318051304557351
0.31931680179881117
0.3179119657604597
0.31850491405514303
0.3196891809450971
0.31807472209124943
0.31818976295798207
0.3183089018631329
0.3178767616002334
0.31688524805238266
0.3200536836535697
0.3182627509436131
0.317655124928994
0.32027291081204373
0.31803889553678655
0.31868912465639465
0.3190089730981321
0.31900207579790213
0.3185817967628666
0.31862499989472254
0.31938574630700667
0.3195422657674177
0.31991802462187335
0.31924530885134594
0.3181623489289026
0.31821265660289727
0.3195952230194649
0.3179201952809324
0.3187280610536083
0.31850407129635927
0.31749719622925004
0.31843769353682405
0.3193636195506079
0.3185635548517729
0.3179004163848788
0.31836483885512357
0.317752118907334
0.3182111971182844
0.31769075398404806
0.31915454933792714
0.3180331368380701
0.3187650471966751
0.3187964386384375
0.3183029036881518
0.3202538397401737
0.319179465884938
0.31759843243293606
0.31878435407292693
0.3186069639049352
0.3183030541516459
0.31861695924027567
0.31917481008219883
0.3184392323295435
0.31864863202806437
0.3178694655487029
0.3186274746935829
0.31921381881394306
0.3180841934556205
0.31767133982656515
0.3174652267279148
0.3183961990763205
0.31727308067992605
0.31864451947748046
0.31706425435967983
0.3189818221683691
0.3178046492876937
0.31757424894313024
0.3176344243941569
0.3184565058517749
0.3190546286308118
0.31811721436379536
0.31914514486589585
0.3169569236492422
0.31980888698700494
0.3185296173319985
0.3187891272418485
0.31806834358093583
0.31822317808291894
0.31931906622320333
0.3206310013495811
0.3187029531153104
0.3199459538948
0.31749846486087135
0.32034261984144935
0.31868593954395397
0.31938921692655176
0.3212643854195301
0.31764567017580375
0.3174800546009966
0.3198399575705123
0.318626102885674
0.31804239294937897
0.3193012259014709
0.3202299420127436
0.3189594371710662
0.3187057550709734
0.31909151423262566
0.31874837562091285
0.3188543436106922
0.3181885530603037
0.3195800035940872
0.31926524399815953
0.3179283950530365
0.318656210271399
0.3175154145041072
0.31871604358974925
0.3160024884236017
0.31813205648322757
0.3185409152008114
0.31844593590277886
0.3191238924663954
0.31857884082828575
0.3185693405793688
0.3195749742097293
0.31785978289008127
0.31954019763739416
0.3191360978906582
0.3201448437255939
0.31926318233896334
0.318415635675351
0.3192177197417181
0.3172262039223517
0.3175868378289516
0.3184074485614047
0.31805347528288197
0.318477240219867
0.31676246906212896
0.3186573685728789
0.31789075639543396
0.31797168248164387
0.3184718809878968
0.31854619428941583
0.3180657171955521
0.3171186456162867
0.3184017415393618
0.31796066037643683
0.3188021672398202
0.3171811279196838
0.31844863584808186
0.3198222122195585
0.31840473810962616
0.31915035608320413
0.31839908677728185
0.3201866307585297
0.31785047333631644
0.31921756496347514
0.3187343902230967
0.317809051259476
0.31930217698571434
0.3179588236097906
0.31766526443271986
0.3181781216452671
0.3173871100503374
0.31967667633704183
0.3177296924782544
0.31765970526890297
0.31856912069513404
0.3186747535038135
0.3183043499402151
0.3173175525417778
0.3190680552561443
0.3185318429454967
0.31925030304516977
0.3169149112456957
0.3181190303833416
0.3181892655647936
0.3189803653784811
0.3172953228413167
0.3179527989299334
0.3184021275434409
0.31693892289439957
0.3177829422758914
0.31912712118064024
0.3195140705634199
0.3172402557194969
0.31803012499608946
0.31850980669283674
0.31899045485678235
0.3192776841537232
0.3187730150165559
0.31821727303061126
0.31837317893614203
0.3174171233895367
0.3183393449336939
0.31740446669621486
0.3175597837456278
0.3183759752485893
0.3190297704095516
0.32032431999015076
0.31989504779384287
0.317047944982778
0.3178157441094258
0.3193667970647211
0.3177187474322192
0.318707535827428
0.3183017966013053
0.31914099151442143
0.31752244568993265
0.3185692971037945
0.3173351852735696
0.3174517107320633
0.3169206477952211
0.31864967767028923
0.3161106594104826
0.3174871555318015
0.31763418302193897
0.31860389511231413
0.31976708733144343
0.31894256135070315
0.31805057414828947
0.31806526690930725
0.318352057853465
0.3179099430748822
0.31767485853497884
0.31849623495803686
0.318442807446594
0.31834080124325914
0.31749128346127065
0.31760388940947415
0.31823963673876676
0.3177462761486576
0.3167914134213642
0.31802264626024457
0.31858925897509105
0.31636890635608744
0.3189577563152948
0.3174977643431541
0.3169320081789467
0.31767328031864517
0.31919605463075157
0.3184884452485177
0.3183385706899301
0.31693680338021346
0.3195200379000045
0.3184651574514378
0.31788741732881176
0.31730484580998614
0.3175432268872234
0.3178504411082438
0.3171143155772505
0.31663042693633103
0.3181969827428299
0.31872971387329624
0.3179985741872812
0.31797892986971943
0.3179032570336194
0.3178247157685451
0.3173401163539251
0.31825988294439156
0.3161957426344964
0.3186646602524226
0.318773341751999
0.3175539287961793
0.31879100888747
0.31759775879958374
0.3192200687518061
0.3178240511250754
0.3189248280368519
0.31966010626410024
0.3177845444894048
0.3192830563797636
0.3179711146157608
0.32041642700147216
0.317492615061412
0.3189650974671218
0.3172595560526615
0.31773595072964234
0.31722927384805416
0.31847418141715583
0.31857355721340547
0.3188990816596186
0.3177246866850876
0.3171882352330918
0.31915272173492665
0.31882538197027926
0.31997232225787775
0.3190625792511625
0.3185160838093337
0.31824593987833044
0.31837847610696735
0.3195741090648427
0.3183249900272529
0.31773509527409194
0.3166653216995448
0.31943043466634674
0.3177190485756717
0.318460253817246
0.31740548639161287
0.3179627133593917
0.31789787374451334
0.3199555897785188
0.31856756898896615
0.3185930486929709
0.3191986574321434
0.3165517815270091
0.31822298009620653
0.3182155612525622
0.31954170199741005
0.31759356138717876
0.3192866760659592
0.3182355040942381
0.31851437867278326
0.318393898379313
0.31733028992351764
0.31833181389272247
0.3190731051096355
0.3178183692983481
0.32036743696737396
0.3172828065498191
0.3179893256081245
0.31957508378068533
0.31847687762421556
0.31881104544031874
0.31826618949902136
0.31710031244091635
0.3175661267583284
0.3201871117607054
0.3195146867401879
0.3179694997529751
0.317860707730021
0.3186122975562682
0.31918646704183634
0.317949360745914
0.3182867957082239
0.3176578664537416
0.3177432205115796
0.3188731614103012
0.3182087806653175
0.3175631742154519
0.3189385778404221
0.31891532405660156
0.319070799046974
0.31878397706577705
0.3183774478230549
0.3193497681315352
0.3174097650256187
0.3169979085179534
0.3185152618635557
0.31894527940986117
0.31697006194521865
0.31769098559842723
0.31860454506839175
0.3195338436024229
0.3184407028058826
0.3180777199925144
0.3179921154199205
0.31833389843026294
0.31775096290437593
0.31753172177872846
0.31894745443007616
0.3182853850929462
0.3197070977815017
0.3174822935731202
0.3191686254343885
0.3178105942247927
0.31694533912259026
0.31915574726364837
0.3173277477549759
0.3183413665193837
0.31787787195235756
0.3175465603885131
0.31846999647797825
0.3181286536201743
0.3181504976633322
0.3178329856229772
0.31943800504998326
0.3176032760518852
0.3184129380809386
0.31884920268919714
0.31913961047400924
0.3187593226184221
0.31811225151768696
0.31844474319512217
0.31800491180559737
0.3193973708467878
0.31766911228145905
0.3191200322785489
0.31889027995679486
0.31871354136084606
0.31730940372245375
0.3183517662241183
0.3178463163295513
0.32021597025032206
0.31760926627676384
0.3186860904869396
0.31882954727419166
0.31815562452452206
0.31850638562579264
0.31763571165271925
0.3184278543051353
0.31778493025569743
0.3180508947592937
0.3178800756425216
0.3184068988875874
0.3165299013717462
0.318306096792623
0.3181626255732157
0.31866979092715486
0.3181227042002827
0.31920653048683006
0.31801678013127455
0.31722115857087807
0.31786207237735375
0.317708464432043
0.31973464731986095
0.31837104820347367
0.3192778120523996
0.3186448651392477
0.3186469402304632
0.318479404493475
0.31803371081173804
0.3179600090076234
0.3172328989075239
0.31803441494784807
0.3182763093971419
0.31800954067771575
0.3180504963127263
0.3174294193684123
0.32030478722553757
0.3172125765511479
0.3187660865974548
0.3189830943971982
0.3175150391455793
0.31897572829923626
0.3187001414359184
0.31728096892020946
0.3186622458784929
0.31836595465136414
0.31881943698033854
0.31712568758190407
0.31805824252620524
0.317298282335093
0.3197216436050989
0.3179961283264454
0.3181058204840056
0.31783944006768583
0.31692963643210004
0.3171702190936968
0.3198493892445656
0.3175154879684985
0.3168764418258894
0.31755407863930696
0.31834847121070753
0.31865143692591186
0.31746761915116867
0.31781568861710763
0.3192951841007431
0.3185673815697026
0.3176401739278693
0.3187074308638545
0.31884703176022183
0.3183857467704797
0.3181856402660825
0.3194154437422535
0.31697698291709575
0.31670926984328396
0.31849143097693333
0.31844391915548803
0.31784748910195587
0.31857877144447705
0.31843001175200497
0.31869628030647584
0.31812972467485845
0.3189934163862226
0.31811548838454834
0.31969343658604055
0.3181341181192252
0.3180956207318191
0.31620599408948313
0.31845269834329115
0.318011060477596
0.3168569140675144
0.3186236856437811
0.31888286829204593
0.31837077874207487
0.31858925697570323
0.31792568126907633
0.3172770143509805
0.3178087650460512
0.3187560688967574
0.31962747931012253
0.3186405629203673
0.3184499807817531
0.3189863735601785
0.31860760384386294
0.3175830783506746
0.319827169143587
0.3182970209015941
0.319371624377843
0.3194343437725018
0.31800906675264934
0.3181544363662464
0.3182464054114458
0.3182179094087504
0.3177177471959311
0.3191435113406864
0.3176417437601281
0.31786830937562227
0.3180909564446253
0.31826136850188463
0.31903491044215465
0.3181312480879081
0.3183561859533199
0.31799367364523196
0.31755618519246553
0.3173581016418968
0.31833171904314445
0.3179120424865801
0.31801664810462493
0.3186506752231523
0.31857253985393974
0.31901918162448356
0.31767394990829145
0.31815324708054077
0.3185621478724643
0.3184959585865956
0.317677627707919
0.31867035220063883
0.31835068500953745
0.31745606098992707
0.31791295743024695
0.3190667081690831
0.31901071795378877
0.3188829727098925
0.3194624816006952
0.31960079677019915
0.31671499158256466
0.31673165277928256
0.31820159334574183
0.3179104330461062
0.3176147635709567
0.31719327892916277
0.31830711387458555
0.31806676199066936
0.31886825868846824
0.3190206577914859
0.319136692025819
0.3191004940306294
0.31810792532482446
0.3184542329501032
0.31909164306916454
0.31737153530055984
0.31966956541228764
0.31803767534267974
0.31735717554003656
0.3186157350626532
0.31819084433654365
0.3178130022260174
0.31914275274751797
0.31900957669697233
0.3173412465006514
0.31849119160450673
0.31885945008976935
0.3169600409371728
0.3195096398115136
0.3184694999781655
0.3179526509319004
0.31765102932615813
0.3177936734444099
0.31701947224513094
0.31882600271030376
0.31816947346775204
0.31808414051415373
0.3184426502127946
0.31803051685499617
0.3169063167360964
0.31726888067936015
0.3186807342092265
0.317228336837686
0.31771537823374363
0.31849484608827205
0.3173885422386286
0.31771483676948753
0.31904354509158034
0.31851752463992566
0.31880573033783294
0.31767682595370805
0.3181019902557426
0.31865534363792447
0.3187382594439953
0.31864965770682774
0.3191396458498722
0.3173332956819185
0.31850660037687745
0.31879225034022396
0.318620991549139
0.31860228651309436
0.31776077135213954
0.3182985576396514
0.31908717376668067
0.3184187668410037
