0.24960850000000007
0.2509562733796559
0.24996391247626634
0.2515616257088771
0.2515687049649697
0.24752959588788026
0.2392757016990354
0.2252179507471573
0.20732006718401436
0.18699946341760496
0.16454676540627244
0.1483017762634274
0.13180512911404146
0.11980037551910516
0.11457508201181957
0.1101957569504337
0.10493822364344148
0.10012097236678769
0.09805604273845081
0.09644773874627627
0.09398147109143207
0.09210982210539545
0.08881197842155025
0.08659053449252914
0.08506884010016016
0.08438392678745982
0.08044811181802286
0.07867506593219221
0.07585302719407912
0.07511612882806568
0.07309662834611691
0.07166012161669363
0.06974829167834753
0.06704528700604559
0.06545925238234897
0.0661264204610005
0.06264639608471839
0.06120263060508504
0.06203473615110302
0.05910705223626306
0.06012776253068676
0.057268191963005914
0.055678684957496956
0.05668593300999221
0.05552038993855621
0.05386355675693132
0.0531690909292947
0.05186709668324175
0.053142771819662454
0.05052069985344585
0.04822369618224405
0.049225442817373184
0.033666080135460866
0.03171276001330391
0.031384422702617445
0.030730866048458663
0.03154632549337217
0.029654663729801734
0.030726364774064797
0.029160090917132172
0.031013325890562583
0.030553902001803315
0.0304119816914004
0.031242097753206178
0.03103042798687792
0.03050975370461797
0.03033291314113703
0.03220478166937548
0.030452212568047986
0.03101348482893892
0.03059508962816675
0.030116227812671457
0.02988675475749736
0.030519968196026398
0.030496174154700992
0.031652067443918325
0.03146370320263027
0.030121680202248903
0.03049535999724196
0.030055534512632938
0.03038118567361501
0.029776039133383118
0.030350371123334163
0.02975606849688679
0.030378550421949587
0.02870956563406678
0.03006759388483895
0.028930220856484768
0.031216063193871005
0.030511485910467998
0.030877823608379314
0.030361552593090094
0.03042813479402164
0.030574436962967626
0.03070961303810108
0.02986859804899601
0.030375776883843252
0.029247347007617944
0.029133297106814924
0.03014359667931492
0.029777253169171364
0.030027924898847414
0.02976445484176181
0.029603661833519167
0.030545071987149647
0.02978934292227003
0.029727252391337812
0.029859791725473067
0.029939190709744552
0.03021654050792029
0.029618642743147884
0.029636523373265042
0.029432591764372122
0.029786178875498826
0.03015115467943986
0.02949719725732998
0.02993275829263736
0.02926901541484199
0.029847824690281292
0.029665878949440044
0.029156656297141183
0.02959607934635091
0.030135996544709765
0.03007263710213063
0.029523493886238397
0.030194794776384027
0.0293967994337016
0.02977089298522801
0.029271730698737744
0.029808754695529693
0.02829568218190936
0.03070903648312662
0.029275436330829376
0.030331794560053013
0.029691033555008954
0.02977086651325387
0.03033180610326916
0.02999342024786712
0.029627707536565618
0.02979858825967412
0.029595930148421892
0.02880611839010036
0.030032465243761432
0.028339115169295513
0.02930077303003752
0.029753784704882578
0.029082630422915808
0.029367016732960334
0.030950336724176873
0.029203393530654487
0.029057628955541724
0.029923409408883817
0.03078904222360617
0.029486079417005588
0.02955433543183931
0.02986322947932501
0.02931474514584507
0.02960190566955505
0.02998225275075977
0.030417405489125464
0.028652529882212865
0.030070760362584693
0.029151962083294906
0.02973071648094047
0.029987469748224943
0.029065623209666082
0.03001374153476484
0.028905334117357996
0.029575548976603208
0.029171126353220986
0.029696552958794344
0.02981156135408144
0.028947600338647322
0.029612539851556336
0.029610928254698063
0.03013956964772786
0.0293958481736496
0.02999769145684318
0.02976463342491764
0.029105118850971584
0.029772501974802204
0.0296997277752173
0.029327610397374332
0.02968832221691375
0.0300868675927127
0.028950010125858155
0.02994393598768049
0.029837768050193305
0.029121792837693613
0.02869373224016548
0.02900536660921563
0.029660450725442242
0.028962701159331413
0.029658006319304556
0.02763009571139953
0.028323356755331736
0.02992539130332569
0.02979774235019654
0.02985441627159204
0.029376156418578662
0.029104436315595224
0.028842572408244158
0.030202331701315796
0.028325482770483898
0.02865121039162346
0.029358463133927582
0.02886837883599247
0.029838350209075718
0.02926349987280839
0.02894616601694569
0.029486330019509056
0.02945138380186401
0.02852959067753447
0.029648238341439273
0.028381827900351025
0.02933028407779027
0.029979260861372176
0.028867094067105938
0.029080249341590793
0.029545193006155532
0.028504075242447958
0.029465562211388532
0.028930321304122632
0.02948917446500655
0.029873086616348618
0.029597397741592365
0.029070906021022053
0.029922308203900547
0.030108716861932127
0.02959598757966357
0.02928522320842454
0.02960081837893948
0.028851285788086108
0.02895594693446319
0.02977681195920746
0.029274073630683923
0.02839068786684889
0.028882973713655034
0.030481199771842795
0.02934507911980598
0.029345579519400714
0.027698408340213553
0.02950849475051769
0.02885519949355493
0.029519660695469904
0.02997241705119383
0.02906032850561026
0.029494595078914655
0.029174428920597194
0.028432704008453366
0.029208624042475574
0.030290262431632492
0.028975767195646224
0.030049230898022906
0.03128195973631101
0.02923141418801363
0.029232515834034946
0.027866460862385055
0.02948691333095586
0.02941065971142403
0.02915779532681915
0.029141550452598777
0.029130421166440868
0.0294930096286034
0.027824611065067822
0.02926189239258943
0.028595640922465873
0.028582853256663033
0.029597612873214038
0.029558571969037516
0.03027340900030051
0.028986475253322336
0.028740509993432372
0.02948049344029343
0.029220041423358746
0.028612242133978366
0.028236183993715268
0.02745844952121711
0.02887633912584585
0.027714550764246386
0.0300622950504405
0.029063575007090642
0.029382796196995516
0.02936636906846722
0.0301388930900331
0.029445527530860115
0.029035839800191844
0.028778698993446154
0.0301751816798008
0.028893020306080642
0.028934353604859804
0.02950223964678686
0.028434314851145687
0.028562954534645017
0.03054826944997953
0.02921629172824005
0.028992702549883717
0.028306735760978908
0.02923034469697491
0.028614213866830683
0.02920966632944068
0.02906755171636875
0.02860476287870956
0.02907529696382392
0.029171687479078466
0.029200249062337882
0.02850014310809481
0.028316597781683467
0.02870754257980811
0.02830714218973892
0.029183275223993946
0.0285845385863569
0.030178724363621297
0.028988428613966916
0.03006250543870545
0.02882495068977689
0.02979878727544839
0.02900792029924639
0.029105849835890305
0.028914291729577
0.02892285243139177
0.030041072760899692
0.03030037053612817
0.028147167717176572
0.02917765324626553
0.029827306571106035
0.028954212157723105
0.0295273675597183
0.0290916295615366
0.029840472450759575
0.028399663361042347
0.029463748544067334
0.028887160632009846
0.028604106038482575
0.029607591169233727
0.029304925344780082
0.028894790256077947
0.02921324547920773
0.029656150101785052
0.028937161822270838
0.02861324801428218
0.029284023591866062
0.029429843623156513
0.029497084098487406
0.029135957023418743
0.028812084652065476
0.027818639593412936
0.02866289397335106
0.030167530673637963
0.028446903614363007
0.028587451736883943
0.028496767231623966
0.029160362735143927
0.028241986745765165
0.02905420163937153
0.02880428302245326
0.02926213593406781
0.029998542811851117
0.02812390513623576
0.028146596906616413
0.029255556751406172
0.02855234817881027
0.029198841931133236
0.02947116946205959
0.02921241258397492
0.029039337537315545
0.028354837300708823
0.028619578838214726
0.028872401605659594
0.027841549701854963
0.02914761144797294
0.028057630233132732
0.02897181217115931
0.029339035555344863
0.028623723648175795
0.029305807243808258
0.028561696342141545
0.028246826312051953
0.02979301329225107
0.02925655175330122
0.02933890553461325
0.02874225687820707
0.028895880922658126
0.02945887548381537
0.028798616800258182
0.028355410201821023
0.028050450385671936
0.028971048122718685
0.028742567738931836
0.028976430296590992
0.028264591347583398
0.0290557161497225
0.028398240756632644
0.029430176672232345
0.02933362509307651
0.0289483806502099
0.0282888741497299
0.029038806582876817
0.028278559338184964
0.028578093355560732
0.027935872503427096
0.029408115353378984
0.029044391574327304
0.029463609915311252
0.028045998199659142
0.028676957622679876
0.028537333389922783
0.029214618528853206
0.029175717942054057
0.029583606423497662
0.028358274721844257
0.029801133257650787
0.02949960590257361
0.029568960987296344
0.02838691412071671
0.028362467784092963
0.02913915012423525
0.02891848484656439
0.028107784550459126
0.028811076391346377
0.028674280099243343
0.02822400688446807
0.029296268049017332
0.029638958892307166
0.028813381903930676
0.029325312642545013
0.028965115200983455
0.029213883413211225
0.029560215341995027
0.029279909903674115
0.02859112902326419
0.028823046639832303
0.02927125380857974
0.028055354451784774
0.02878603972944857
0.030080177268059036
0.028410200523900246
0.029849572815557175
0.02944258869134946
0.029071260237308442
0.029562999719644666
0.028683728603026846
0.028730624316429018
0.027900361071163365
0.029353589082680112
0.028946771796235175
0.029114259682642456
0.028913169382330954
0.028151767265965067
0.02899594338661583
0.02853842639577009
0.028671485905794807
0.028464568439062147
0.02914318314030176
0.02867137160698417
0.029083876548033526
0.02901774910498165
0.028855252229096878
0.029445876872116035
0.02894656482817982
0.02956307210846214
0.029331544833387024
0.028130000024299873
0.028337738033920354
0.028940222317748617
0.029189600134863353
0.029639759573671595
0.02825761054417419
0.028753760355085603
0.028868358199092867
0.027959976940716343
0.028417168441779345
0.029455069634495762
0.029101496686073477
0.028344926709118975
0.02921726732755771
0.028186913115402955
0.029131084044964024
0.028704488614616296
0.028921419704772734
0.029562422396281228
0.028039912366567287
0.0291722215938139
0.02878960422559343
0.028678872287856018
0.027893208769035747
0.028526419404250096
0.02895291687779049
0.028934217891107235
0.028189736380822075
0.02889251957017445
0.02901777944198659
0.028884609114286253
0.030105277567559242
0.02852372514110262
0.02892184590405887
0.029238838026471304
0.028777665673815185
0.02800683576393515
0.029105183747270197
0.028852113360825424
0.02874835912144707
0.029561071385277256
0.029271545752517784
0.028865892247067735
0.027603295969305584
0.028953601890988164
0.028084532901530235
0.028442180478157685
0.028564965345486772
0.027792107382945117
0.028834209906651816
0.0296016262407561
0.027951011443360225
0.028992869768879145
0.03003107268993556
0.028679403830285725
0.029529299156388734
0.02817392921974176
0.02927828212935686
0.028254105173455387
0.028816610094675305
0.029614127468289234
0.0299043788843088
0.028224317558862635
0.028611926908859858
0.02826031983823366
0.028476130612289267
0.027802059143117522
0.029178937546669007
0.02842560750855715
0.029247423820965825
0.029845323587915095
0.028901036172962313
0.029864729273533383
0.028657033764603938
0.028732954294608072
0.028917730051591928
0.02853232289365899
0.02907652785797591
0.02912924516390271
0.02814959839233157
0.02864608025539749
0.029175215893765784
0.029217610477702258
0.027989306431166802
0.029101558761960678
0.028850386528430753
0.02888641359757025
0.029848986608532878
0.028357483649836448
0.029825697926128446
0.028785053554069625
0.029223127661298243
0.02889592683696345
0.02911456099190327
0.02993380311903073
0.028434923606639212
0.029009989811096988
0.02897414305137275
0.028282682756120253
0.028959621431674992
0.028493504938698653
0.029209962824211025
0.02864770595192724
0.029061827708439278
0.029254444296786003
0.028476948895481156
0.029703391675650958
0.029413753288154286
0.029926693702934496
0.02851484549237346
0.029484222360751614
0.029748008869651576
0.027845434986584226
0.028852007774327212
0.029140936717388044
0.028523943003832333
0.02882870403734716
0.029706910666961944
0.028284527144631186
0.028256460300614974
0.028563135611594674
0.02977072130913208
0.02863989851783169
0.028492504019561393
0.028312788299519793
0.028372875186901476
0.0287866991994409
0.02837101903198014
0.029206872131674107
0.028998803385433612
0.02957188972545147
0.028158658064691856
0.028728224755366686
0.029418003631889712
0.028802067255763383
0.02899017053728957
0.029862219009388277
0.028564272271505233
0.029302556448741423
0.02854027230749336
0.0288585825256586
0.028399772029209642
0.027849238128258305
0.029088718417413797
0.028107193205885415
0.02892252871949938
0.028882285826122688
0.028499588363706377
0.02835035628338475
0.028858866013563862
0.02859661512402992
0.028857292890982857
0.028687812983315592
0.02837034854514935
0.028123848630563723
0.02870191100402584
0.029349102509533133
0.0279351884172949
0.02790000416088414
0.02986491960716907
0.02952465995548657
0.02897052039811431
0.029206996040300685
0.02855646047667063
0.029303759575337915
0.028755010750693862
0.028186244325638755
0.028671798061656352
0.028214930400492912
0.029042877600319685
0.028464970302001548
0.028833952895595344
0.028751248790209447
0.029053544000349606
0.02880845025136463
0.028587527469330586
0.029848696508862585
0.028583852393632137
0.028611678285989036
0.029150821314355466
0.029233989729379725
0.028404461971215336
0.028883575379773742
0.029290229921766806
0.028915787343841006
0.02888760842154992
0.029119026770381858
0.029341508761690952
0.029264040508376533
0.028292414871527675
0.02950605925323436
0.029308586005855338
0.028725397466351183
0.02956577238337561
0.02795062463823231
0.028505043827808618
0.028366744205683626
0.028469367317378213
0.028149012276418205
0.029027756775895915
0.029406194378139672
0.028548557183092016
0.029071580672450387
0.029011979829377043
0.029156399110246624
0.02916418519475599
0.02956060310774901
0.029117789841833865
0.029411532613366077
0.028407709608486563
0.027825601323837906
0.029010782344559668
0.02937716753496901
0.028513053032386187
0.0285962269203293
0.029232338547197197
0.028943570940173868
0.02920573356502013
0.02917676499587398
0.029005930844944013
0.02836121253607644
0.028919641993957346
0.028627014439001654
0.02942342788732557
0.029866091444745457
0.028468794672229673
0.029640246565105645
0.028252453643201947
0.02851466790674251
0.02920341589031891
0.02841859997061096
0.02841823571106524
0.027951629989616554
0.02917299640916818
0.028130688614488576
0.028050509792119586
0.02895338066588328
0.029166977331819565
0.028677345205372667
0.029558688509781484
0.028692646306269075
0.027854722544399784
0.02901335732439093
0.028710089321613896
0.02877259337817993
0.02968087630162873
0.028633929062707997
0.02948127865045602
0.028933185865490388
0.030247415183667945
0.02889365850539988
0.028791542586285298
0.028212213796907054
0.029067963560951555
0.02803831459917105
0.028462397970069088
0.029198315719741318
0.028155086454927168
0.029006984785406583
0.029753190029694274
0.02880504458178196
0.028694980116978675
0.029495509364650455
0.02878211988630019
0.028868976545157996
0.02847502540538284
0.028268782121323312
0.029191028231736926
0.028904936346768308
0.029203422920004912
0.027203589780467843
0.02922610171293942
0.02853698836073964
0.029035405776720206
0.02943727049726765
0.027904139581691908
0.028441114907144533
0.02930118004775581
0.029869149567642767
0.028860224349367112
0.028918014447082814
0.028485804335938975
0.02871984709704818
0.029182178400944614
0.028462069788129554
0.02937472706668763
0.02879170069965946
0.02887428698114355
0.028399053429961945
0.028993919726490305
0.029928857433678294
0.028789023792932005
0.028891199264227615
0.027697677782304274
0.029260342452888385
0.02964633398708778
0.028894973943064933
0.02795366951145117
0.028381725055651067
0.028499191281313174
0.02798382924123699
0.028607224989207484
0.029192554384089072
0.028961706066801506
0.028673001117353318
0.02889202556277472
0.029505694650351435
0.029147935608909305
0.029323441546389422
0.029245155342804842
0.028541687029469943
0.029616197947985357
0.029178586405795834
0.028242434820984933
0.028516080337844793
0.028322768059160598
0.028074278050037895
0.028826945121906936
0.02849760526287567
0.029088832032057695
0.028591096891021
0.027996947956073343
0.028794094893066474
0.02844580227572113
0.02893775887965398
0.02887777064224501
0.028603019028426484
0.029520390977101085
0.029033715979744024
0.02904264151392019
0.02875727778839241
0.027434405910469927
0.028093116006359012
0.027976149238938812
0.028951275953992838
0.029144312856705216
0.028241262117988896
0.028364994330679162
0.029668862016701346
0.028260231051683335
0.029757034062042977
0.028097451483333747
0.028037607027362528
0.0285193256419585
0.02931923390626685
0.028568427726742333
0.029239403095003322
0.028649524718741423
0.029383403730787832
0.028027586032032228
0.027875693177530546
0.028897949376023378
0.02899743684342498
0.02914479009615764
0.028470388185995944
0.028504847515086265
0.028468903492246723
0.028447774710638845
0.028400304305170328
0.028981826648289317
0.02894445569570776
0.028206376744195724
0.028710520310835177
0.029203066654617627
0.028483572675038524
0.029007943522100926
0.029953253080559884
0.02849823375993327
0.028797757883295777
0.028201173642300185
0.02893320985790066
0.02812369144571097
0.02921664378068557
0.028564941043475303
0.029600043595874318
0.029396982305611618
0.028728148133210472
0.027549574853320335
0.0286062216437194
0.028772377030519075
0.029592614806502614
0.02914899989925341
0.028736364464052252
0.028338064069009808
0.029921898360219825
0.029331279052373184
0.02886416754453724
0.028033553653487798
0.028892620499209497
0.028721205362024365
0.02805639923109506
0.029175993108767923
0.029248624075927182
0.02962053390368045
0.028376211776474897
0.028107001588790377
0.02868972498270512
0.02897777409673945
0.0280382191624713
0.028671591987767225
0.027841411216440147
0.029404637417922014
0.02888053083187438
0.02916461521532237
0.028392931195162233
0.02927143035762203
0.029020878256088387
0.028845135237300035
0.02945074300150576
0.029069962453179384
0.030233719645715196
0.028310389923283896
0.02855201050515383
0.02852068102962024
0.028881663588886285
0.02842066745771262
0.029064817162169698
0.029268192976285436
0.02898459676603033
0.029939425015359466
0.028566923173911532
0.029389244993938964
0.029044232908225328
0.02853930497620887
0.028940033267394666
0.02814878648173651
0.030126480678404625
0.028508525807638865
0.02906968854334967
0.02890113445492848
0.02976690447139632
0.028758648020363143
0.03003558771980391
0.028724525054757546
0.029069135862868075
0.029439714902459682
0.028868839072693216
0.027940291118188316
0.027898188218272935
0.029103624993650948
0.02844159800604291
0.02804196449119152
0.029285419975918534
0.028875053080378674
0.028196656142625967
0.02968925400926996
0.02914072138183731
0.02870788926058833
0.02726921898816774
0.028494339741761267
0.028987579165388366
0.02859887168585344
0.02931498907411397
0.029085083282353805
0.02873229699482893
0.028816766102069864
0.02904857091419782
0.027639388716047236
0.029391095079236117
0.02840945907547495
0.02913757666015816
0.029086898120618123
0.02773383011815422
0.0285180327383102
0.029252962053827297
0.02914853101093532
0.028984998334686513
0.028992834585622282
0.028703067207391252
0.029358613822593825
0.030210325189848928
0.027936503165583187
0.028056207228890108
0.02852859105670794
0.028786722830083697
0.02850053140426184
0.029421206273131394
0.029303269866997987
0.028404653360772626
0.028231609104181522
0.02886975675753873
0.02900849143103225
0.028786888615994866
0.027981404288936928
0.02829849945086635
0.028546817487083553
0.02984196308048245
0.029093691620015787
0.029089383378099853
0.029280229983862097
0.027955046039800396
0.028057588905545106
0.029183497638648914
0.02939901661820818
0.02934299098092228
0.029034798786668023
0.02880512705223786
0.02910946823447812
0.02805916883571769
0.028538492723074134
0.029252001283893252
0.028861914164664274
0.028429648112309733
0.028320904875650896
0.028925614571090393
0.029285415361929315
0.02877391555507284
0.028743133620862484
0.027950008845170845
0.029272816785589593
0.028817380136923726
0.02860735351365492
0.028654516490539742
0.028919636230680577
0.02933019734381492
0.028903718017918533
0.028048900491041272
0.028272272373608826
0.028401476547848796
0.029028515927347648
0.028396333963543855
0.029290471075258017
0.028328959241132302
0.02803647414995991
0.028866515085756682
0.02874885202073915
0.02785928499771901
0.028512757132773632
0.029332008171081024
0.028490593435137747
0.028436277573682108
0.028549228385420875
0.02836609114167936
0.028082743511656457
0.029034266052654033
0.028121770530206248
0.02934581133740943
0.028039186677064728
0.029068409872452784
0.029494401667739
0.02813420686913231
0.029019672561610484
0.0286468507328764
0.028618547293573007
0.028573419496630493
0.028825260651068732
0.028915042947179847
0.0293233768264901
0.0300664537965586
0.028567639682792065
0.02897382421825293
0.029066341168389968
0.02892782934196405
0.02841566017043632
0.02938085214151235
0.028957222829123636
0.028826586844749993
0.029512627824240748
0.02944059519636197
0.02862254839837415
0.028828739750545417
0.028578725077182322
0.02867333437451114
0.028371656837449976
0.02845256457166831
0.02860083063395984
0.028973516850598187
0.028988075630719937
0.029159471851039384
0.028990505131147443
0.029960871484338684
0.029550187507112337
0.029179683492253073
0.028704238004227847
0.029951189714483704
0.029026631852222172
0.028301761618050883
0.028523594454789736
0.028548530166535375
0.029103573670907296
0.02841259760555467
0.02971261780712602
0.028797685518649876
0.02875802350459942
0.02788144277353103
0.02887143143649524
0.028606798820973563
0.02881515030512684
0.028484425258940745
0.028651116262753934
0.028867899562655293
0.02845730717983264
0.027914991777381628
0.028518827283437454
0.028157116731473284
0.028778646787367062
0.029036596661175588
0.028223116737953746
0.029456034216760303
0.02861067525316845
0.02921741281849145
0.028579117112902022
0.02750858154059194
0.027393119842876908
0.02849760398324594
0.02828854414542644
0.028635111255873785
0.02897454534561632
0.02946257282959417
0.028736061661700108
0.029119162592555776
0.02785093461273119
0.02884562997144939
0.027477447468803127
0.02878183233648934
0.02870945859065144
0.02822088658733267
0.028606772371972986
0.02882476476156889
0.029268756357982678
0.028391066696533934
0.0279600769896101
0.028588889205314872
0.02998157170457438
0.02926265730799934
0.029617908445584096
0.027604974677349313
0.028922348210730416
0.028625112636970478
0.028984286472866244
0.02949923702953808
0.028043171668618864
0.028383696890334285
0.02959694988226543
0.02845728272488241
0.028779593255800973
0.029513359030087106
0.02834706161698824
0.028776952752418247
0.029262119904510952
0.02878330207134401
0.027286323324581137
0.028896940039879047
0.02899589707446396
0.028757969232175967
0.029627304477668356
0.028060612076184502
0.028174968384397783
0.028312856836369475
0.028874944389453833
0.027542230630949346
0.028595392649637192
0.02961550717187218
0.02876899189943035
0.028143068359966907
0.028376774634215587
0.030034136903636988
0.029049452408794547
0.028894824549569237
0.02929812613737464
0.028570309918929167
0.029317323283449267
0.028765363006500656
0.029551047068004047
0.028997863331404413
0.02888270472069164
0.028961173815537977
0.02925890716968893
0.029236439133877495
0.028136076445493464
0.027930747976122747
0.028999260557244805
0.029008710912597255
0.028301760617941003
0.028904512674459145
0.028036740140484392
0.027538360789715704
0.029077969331522527
0.028715672427512523
0.028789062719641642
0.029018302760606865
0.029103331460049064
0.02823464114159404
0.02789376878750556
0.028915695004528615
0.028261475246090094
0.028840245166478144
0.02796116073208972
0.027813426271721044
0.028574440607677207
0.028970981028277207
0.02830576354463443
0.0294226745578165
0.029210373264480293
0.028513512885776547
0.028099918632776177
0.029567506726276088
0.029112263540862097
0.02874695883335538
0.02817375641769112
0.029633991279766517
0.028906857487926527
0.029250474833785158
0.028881935309737657
0.029197930164772425
0.02849997340796445
0.02802320941962779
0.02905247981955878
0.029498545666381548
0.028804488526654813
0.02887115166638938
0.028496899390056143
0.02880111581232309
0.028592834454139987
0.02785075537007031
0.02872663746822081
0.028106463094076942
0.029426062131182245
0.029302322518764766
0.029065800797623872
0.028241705673430696
0.029799744313828105
0.028483857027844048
0.028264060039723912
0.02898792574809253
0.02878245134247396
0.028720359941240284
0.028263113615729814
0.028650387748081582
0.02886959844350046
0.02964951144984642
0.02851349987146935
0.02908079333196222
0.028524179378926817
0.02908178759885157
0.02797233290065513
0.0281478363512185
0.029307268897908294
