40000.0
35163.98
30078.98
25086.18
20263.24
15873.12
12149.36
9239.28
7088.48
5568.2
4541.44
3858.82
3403.58
3083.76
2852.74
2668.48
2508.16
2373.68
2254.46
2147.1
2042.62
1944.92
1852.9
1772.6
1694.0
1618.22
1548.94
1484.86
1425.02
1360.94
1303.28
1246.64
1193.3
1144.54
1097.56
1052.42
1009.98
970.96
935.88
899.3
866.32
830.64
800.1
770.6
741.06
712.78
685.88
659.4
634.26
610.3
586.8
566.58
546.12
541.3
539.04
537.58
536.48
535.76
535.5
535.32
535.28
535.16
535.08
534.96
534.96
534.96
534.96
534.96
534.96
534.96
534.96
534.96
534.96
534.96
534.96
534.96
534.96
534.96
534.96
534.96
534.96
534.96
534.96
534.96
534.96
534.96
534.96
534.96
534.96
534.96
534.96
534.96
534.96
534.96
534.96
534.96
534.96
534.96
534.96
534.96
534.96
534.96
534.96
534.96
534.96
534.96
534.96
534.96
534.96
534.96
534.96
534.96
534.96
534.96
534.96
534.96
534.96
534.96
534.96
534.96
534.96
534.96
534.96
534.96
534.96
534.96
534.96
534.96
534.96
534.96
534.96
534.96
534.96
534.96
534.96
534.96
534.96
534.96
534.96
534.96
534.96
534.96
534.96
534.96
534.96
534.96
534.96
534.96
534.96
534.96
534.96
534.96
534.96
534.96
534.96
534.96
534.96
534.96
534.96
534.96
534.96
534.96
534.96
534.96
534.96
534.96
534.96
534.96
534.96
534.96
534.96
534.96
534.96
534.96
534.96
534.96
534.96
534.96
534.96
534.96
534.96
534.96
534.96
534.96
534.96
534.96
534.96
534.96
534.96
534.96
534.96
534.96
534.96
534.96
534.96
534.96
534.96
534.96
534.96
534.96
534.96
534.96
534.96
534.96
534.96
534.96
534.96
534.96
534.96
534.96
534.96
534.96
534.96
534.96
534.96
534.96
534.96
534.96
534.96
534.96
534.96
534.96
534.96
534.96
534.96
534.96
534.96
534.96
534.96
534.96
534.96
534.96
534.96
534.96
534.96
534.96
534.96
534.96
534.96
534.96
534.96
534.96
534.96
534.96
534.96
534.96
534.96
534.96
534.96
534.96
534.96
534.96
534.96
534.96
534.96
534.96
534.96
534.96
534.96
534.96
534.96
534.96
534.96
534.96
534.96
534.96
534.96
534.96
534.96
534.96
534.96
534.96
534.96
534.96
534.96
534.96
534.96
534.96
534.96
534.96
534.96
534.96
534.96
534.96
534.96
534.96
534.96
534.96
534.96
534.96
534.96
534.96
534.96
534.96
534.96
534.96
534.96
534.96
534.96
534.96
534.96
534.96
534.96
534.96
534.96
534.96
534.96
534.96
534.96
534.96
534.96
534.96
534.96
534.96
534.96
534.96
534.96
534.96
534.96
534.96
534.96
534.96
534.96
534.96
534.96
534.96
534.96
534.96
534.96
534.96
534.96
534.96
534.96
534.96
534.96
534.96
534.96
534.96
534.96
534.96
534.96
534.96
534.96
534.96
534.96
534.96
534.96
534.96
534.96
534.96
534.96
534.96
534.96
534.96
534.96
534.96
534.96
534.96
534.96
534.96
534.96
534.96
534.96
534.96
534.96
534.96
534.96
534.96
534.96
534.96
534.96
534.96
534.96
534.96
534.96
534.96
534.96
534.96
534.96
534.96
534.96
534.96
534.96
534.96
534.96
534.96
534.96
534.96
534.96
534.96
534.96
534.96
534.96
534.96
534.96
534.96
534.96
534.96
534.96
534.96
534.96
534.96
534.96
534.96
534.96
534.96
534.96
534.96
534.96
534.96
534.96
534.96
534.96
534.96
534.96
534.96
534.96
534.96
534.96
534.96
534.96
534.96
534.96
534.96
534.96
534.96
534.96
534.96
534.96
534.96
534.96
534.96
534.96
534.96
534.96
534.96
534.96
534.96
534.96
534.96
534.96
534.96
534.96
534.96
534.96
534.96
534.96
534.96
534.96
534.96
534.96
534.96
534.96
534.96
534.96
534.96
534.96
534.96
534.96
534.96
534.96
534.96
534.96
534.96
534.96
534.96
534.96
534.96
534.96
534.96
534.96
534.96
534.96
534.96
534.96
534.96
534.96
534.96
534.96
534.96
534.96
534.96
534.96
534.96
534.96
534.96
534.96
534.96
534.96
534.96
534.96
534.96
534.96
534.96
534.96
534.96
534.96
534.96
534.96
534.96
534.96
534.96
534.96
534.96
534.96
534.96
534.96
534.96
534.96
534.96
534.96
534.96
534.96
534.96
534.96
534.96
534.96
534.96
534.96
534.96
534.96
534.96
534.96
534.96
534.96
534.96
534.96
534.96
534.96
534.96
534.96
534.96
534.96
534.96
534.96
534.96
534.96
534.96
534.96
534.96
534.96
534.96
534.96
534.96
534.96
534.96
534.96
534.96
534.96
534.96
534.96
534.96
534.96
534.96
534.96
534.96
534.96
534.96
534.96
534.96
534.96
534.96
534.96
534.96
534.96
534.96
534.96
534.96
534.96
534.96
534.96
534.96
534.96
534.96
534.96
534.96
534.96
534.96
534.96
534.96
534.96
534.96
534.96
534.96
534.96
534.96
534.96
534.96
534.96
534.96
534.96
534.96
534.96
534.96
534.96
534.96
534.96
534.96
534.96
534.96
534.96
534.96
534.96
534.96
534.96
534.96
534.96
534.96
534.96
534.96
534.96
534.96
534.96
534.96
534.96
534.96
534.96
534.96
534.96
534.96
534.96
534.96
534.96
534.96
534.96
534.96
534.96
534.96
534.96
534.96
534.96
534.96
534.96
534.96
534.96
534.96
534.96
534.96
534.96
534.96
534.96
534.96
534.96
534.96
534.96
534.96
534.96
534.96
534.96
534.96
534.96
534.96
534.96
534.96
534.96
534.96
534.96
534.96
534.96
534.96
534.96
534.96
534.96
534.96
534.96
534.96
534.96
534.96
534.96
534.96
534.96
534.96
534.96
534.96
534.96
534.96
534.96
534.96
534.96
534.96
534.96
534.96
534.96
534.96
534.96
534.96
534.96
534.96
534.96
534.96
534.96
534.96
534.96
534.96
534.96
534.96
534.96
534.96
534.96
534.96
534.96
534.96
534.96
534.96
534.96
534.96
534.96
534.96
534.96
534.96
534.96
534.96
534.96
534.96
534.96
534.96
534.96
534.96
534.96
534.96
534.96
534.96
534.96
534.96
534.96
534.96
534.96
534.96
534.96
534.96
534.96
534.96
534.96
534.96
534.96
534.96
534.96
534.96
534.96
534.96
534.96
534.96
534.96
534.96
534.96
534.96
534.96
534.96
534.96
534.96
534.96
534.96
534.96
534.96
534.96
534.96
534.96
534.96
534.96
534.96
534.96
534.96
534.96
534.96
534.96
534.96
534.96
534.96
534.96
534.96
534.96
534.96
534.96
534.96
534.96
534.96
534.96
534.96
534.96
534.96
534.96
534.96
534.96
534.96
534.96
534.96
534.96
534.96
534.96
534.96
534.96
534.96
534.96
534.96
534.96
534.96
534.96
534.96
534.96
534.96
534.96
534.96
534.96
534.96
534.96
534.96
534.96
534.96
534.96
534.96
534.96
534.96
534.96
534.96
534.96
534.96
534.96
534.96
534.96
534.96
534.96
534.96
534.96
534.96
534.96
534.96
534.96
534.96
534.96
534.96
534.96
534.96
534.96
534.96
534.96
534.96
534.96
534.96
534.96
534.96
534.96
534.96
534.96
534.96
534.96
534.96
534.96
534.96
534.96
534.96
534.96
534.96
534.96
534.96
534.96
534.96
534.96
534.96
534.96
534.96
534.96
534.96
534.96
534.96
534.96
534.96
534.96
534.96
534.96
534.96
534.96
534.96
534.96
534.96
534.96
534.96
534.96
534.96
534.96
534.96
534.96
534.96
534.96
534.96
534.96
534.96
534.96
534.96
534.96
534.96
534.96
534.96
534.96
534.96
534.96
534.96
534.96
534.96
534.96
534.96
534.96
534.96
534.96
534.96
534.96
534.96
534.96
534.96
534.96
534.96
534.96
534.96
534.96
534.96
534.96
534.96
534.96
534.96
534.96
534.96
534.96
534.96
534.96
534.96
534.96
534.96
534.96
534.96
534.96
534.96
534.96
534.96
534.96
534.96
534.96
534.96
534.96
534.96
534.96
534.96
534.96
534.96
534.96
534.96
534.96
534.96
534.96
534.96
534.96
534.96
534.96
534.96
534.96
534.96
534.96
534.96
534.96
534.96
534.96
534.96
534.96
534.96
534.96
534.96
534.96
534.96
534.96
534.96
534.96
534.96
534.96
534.96
534.96
534.96
534.96
534.96
534.96
534.96
534.96
534.96
534.96
534.96
534.96
534.96
534.96
534.96
534.96
534.96
534.96
534.96
534.96
534.96
534.96
534.96
534.96
534.96
534.96
534.96
534.96
534.96
534.96
534.96
534.96
534.96
534.96
534.96
534.96
534.96
534.96
534.96
534.96
534.96
534.96
534.96
534.96
534.96
534.96
534.96
534.96
534.96
534.96
534.96
534.96
534.96
534.96
534.96
534.96
534.96
534.96
534.96
534.96
534.96
534.96
534.96
534.96
534.96
534.96
534.96
534.96
534.96
534.96
534.96
534.96
534.96
534.96
534.96
534.96
534.96
534.96
534.96
534.96
534.96
534.96
534.96
534.96
534.96
534.96
534.96
534.96
534.96
534.96
534.96
534.96
534.96
534.96
534.96
534.96
534.96
534.96
534.96
534.96
534.96
534.96
534.96
534.96
534.96
534.96
534.96
534.96
534.96
534.96
534.96
534.96
534.96
534.96
534.96
534.96
534.96
534.96
534.96
534.96
534.96
534.96
534.96
534.96
534.96
534.96
534.96
534.96
534.96
534.96
534.96
534.96
534.96
534.96
534.96
534.96
534.96
534.96
534.96
534.96
534.96
534.96
534.96
534.96
534.96
534.96
534.96
534.96
534.96
534.96
534.96
534.96
534.96
534.96
534.96
534.96
534.96
534.96
534.96
534.96
534.96
534.96
534.96
534.96
534.96
534.96
534.96
534.96
534.96
534.96
534.96
534.96
534.96
534.96
534.96
534.96
534.96
534.96
534.96
534.96
534.96
534.96
534.96
534.96
534.96
534.96
534.96
534.96
534.96
534.96
534.96
534.96
534.96
534.96
534.96
534.96
534.96
534.96
534.96
534.96
534.96
534.96
534.96
534.96
534.96
534.96
534.96
534.96
534.96
534.96
534.96
534.96
534.96
534.96
534.96
534.96
534.96
534.96
534.96
534.96
534.96
534.96
534.96
534.96
534.96
534.96
534.96
534.96
534.96
