21008.946000000145
18432.242000000315
15791.459000000488
13132.757000000393
10612.596000000254
8381.890000000101
6527.600000000032
5101.005999999981
4050.604999999946
3300.33499999996
2799.599999999973
2450.446999999981
2219.6829999999877
2052.483999999992
1915.2439999999942
1808.3729999999953
1714.0599999999965
1637.5509999999977
1562.6269999999977
1494.8009999999992
1427.9529999999986
1365.681
1309.7710000000009
1259.483000000002
1208.2440000000022
1157.3780000000024
1116.3610000000026
1075.5830000000021
1036.9110000000028
992.6990000000025
955.5160000000027
917.1350000000025
880.5370000000023
849.8470000000026
817.073000000002
785.834000000002
758.3490000000019
732.6880000000016
706.3030000000012
682.7600000000014
657.5870000000015
636.1280000000007
614.0320000000006
592.3310000000006
570.8710000000005
551.1780000000002
532.2810000000006
512.7010000000002
493.68500000000023
477.5890000000003
461.53000000000014
444.96699999999987
445.8510000000001
443.63900000000007
442.0219999999999
442.25199999999995
440.79400000000015
440.6810000000002
440.0999999999999
441.0090000000003
439.523
439.47299999999996
440.06000000000006
438.8780000000001
439.082
439.69399999999996
439.36500000000024
438.61599999999993
439.73200000000026
439.43300000000016
439.61699999999996
440.1010000000001
440.2229999999999
439.9450000000002
439.80300000000017
439.4059999999999
439.4799999999999
440.20900000000023
440.3490000000001
440.5250000000003
440.49000000000024
440.671
440.11000000000024
440.70100000000014
440.51300000000015
441.49600000000027
440.5210000000002
441.556
439.9949999999997
440.2009999999999
440.23899999999986
440.404
440.56600000000003
440.126
440.0130000000001
440.55300000000017
440.86099999999993
441.37399999999985
441.13199999999995
440.9519999999998
441.38800000000015
440.93500000000006
440.7810000000001
440.9229999999999
440.889
441.004
441.314
440.9460000000001
440.856
440.8640000000001
441.12199999999996
441.35599999999994
441.1740000000003
441.3090000000001
440.94599999999997
441.20399999999995
441.008
441.653
441.05400000000014
441.47
441.73299999999995
441.5670000000001
441.40200000000004
441.1550000000002
441.87
441.43999999999994
441.41900000000015
441.3410000000002
441.342
441.31500000000017
442.38600000000014
440.87000000000006
441.731
440.9350000000002
441.332
441.34
441.097
441.48500000000007
441.079
441.64399999999995
441.44000000000005
441.996
441.42900000000026
442.5479999999999
441.45000000000005
441.54000000000013
441.9020000000004
441.67699999999996
440.786
442.07000000000016
441.7069999999999
441.6620000000002
440.97899999999987
441.67400000000015
441.6770000000002
441.45
442.0849999999999
442.0460000000003
441.3950000000001
441.49800000000016
442.19
441.3219999999999
442.17799999999994
441.91900000000004
441.4119999999999
442.0690000000003
441.4520000000001
441.89099999999985
441.4789999999999
442.385
441.6940000000002
441.9030000000002
442.4210000000002
441.959
441.64399999999995
441.33600000000007
441.893
441.65
441.76
442.338
441.89400000000023
441.56600000000003
442.14399999999995
441.8550000000001
441.57300000000015
442.5390000000002
442.29100000000005
441.559
442.17100000000033
442.6920000000002
442.17500000000024
442.0710000000002
442.2260000000001
441.78200000000004
443.0780000000001
441.8900000000002
441.5680000000001
441.7639999999998
442.22700000000003
442.0970000000001
442.285
442.66000000000014
441.63000000000005
442.4340000000001
442.3050000000001
441.85599999999994
442.5630000000003
441.8159999999999
442.30700000000036
442.45799999999997
441.8250000000002
441.9940000000001
442.56400000000014
442.13500000000005
442.6449999999999
442.1529999999999
441.709
441.8670000000002
442.22100000000006
442.015
442.4840000000001
442.07399999999984
442.0740000000002
442.2350000000001
441.75400000000013
441.6500000000002
442.097
441.6010000000001
441.9030000000002
442.0870000000001
442.09700000000004
441.992
442.4750000000002
442.0200000000004
441.89200000000005
442.2110000000002
442.24400000000014
442.3539999999999
441.82100000000014
441.94200000000006
442.05099999999993
442.914
441.87200000000007
442.6550000000001
442.0850000000002
441.695
442.4550000000001
442.26900000000006
442.32700000000006
442.764
442.2870000000001
441.60500000000025
443.10699999999997
441.87799999999993
440.7459999999999
442.12499999999994
442.3310000000003
442.7019999999999
442.20700000000016
441.8610000000003
442.64599999999996
442.334
442.4410000000002
442.3490000000001
442.901
442.5110000000001
442.59799999999996
442.6119999999999
442.1230000000001
442.39300000000003
441.87100000000015
442.44700000000006
442.47500000000014
442.05000000000007
442.37600000000015
442.58500000000015
443.07900000000006
443.3100000000002
442.6630000000002
443.408
441.7570000000002
442.224
442.117
442.1320000000001
441.9280000000001
441.94000000000017
442.68100000000015
442.65900000000033
441.8620000000002
442.51700000000034
442.57500000000005
442.08200000000016
442.3930000000001
442.6560000000001
441.77999999999986
441.99299999999994
442.2039999999999
442.8280000000001
442.21600000000007
442.9560000000002
442.3660000000002
442.57000000000016
442.54800000000023
442.5200000000001
442.3040000000001
442.20499999999987
442.5610000000002
442.867
442.5470000000002
442.5640000000001
442.2149999999998
442.75600000000026
441.69300000000015
442.55199999999996
442.0290000000002
442.422
442.3300000000001
442.432
442.5629999999998
442.5780000000001
442.654
441.8470000000001
441.5580000000002
442.932
442.47500000000014
441.94500000000016
442.5990000000002
442.01200000000006
442.394
441.983
442.893
441.84400000000016
442.6450000000002
442.57400000000024
442.38300000000015
442.3460000000001
442.573
442.0010000000004
442.0989999999999
442.682
442.8270000000001
442.3689999999999
442.297
442.26999999999987
442.25599999999986
442.57000000000016
443.07900000000024
442.955
442.16200000000003
443.2780000000001
442.62700000000007
442.47200000000004
442.38800000000015
442.754
442.45200000000034
442.7449999999998
442.04799999999994
442.26899999999995
442.9280000000002
442.8789999999998
442.54200000000003
442.7169999999998
442.6179999999999
442.46299999999997
442.18400000000014
442.5090000000002
442.89799999999997
442.49300000000005
442.51
443.36400000000015
442.19400000000024
442.765
442.38500000000016
442.18900000000025
442.5920000000001
442.4090000000001
442.67000000000024
443.0499999999998
442.432
442.3190000000002
442.4540000000002
442.8370000000002
442.75299999999993
442.3850000000002
442.61000000000024
442.8849999999999
442.81300000000005
442.44300000000015
442.68700000000024
442.57099999999997
443.24800000000016
442.5229999999999
442.73100000000005
442.5059999999999
442.0710000000001
442.9730000000001
442.9919999999999
442.785
443.06600000000003
442.95300000000026
443.285
442.62
442.79200000000014
442.6710000000001
442.76300000000003
443.057
443.05999999999995
442.37699999999995
442.839
442.6040000000001
443.10200000000026
442.1120000000002
442.427
441.98300000000023
442.69799999999987
443.01099999999985
442.45100000000025
443.019
443.0760000000001
442.62200000000007
442.81600000000003
442.6110000000003
442.37999999999994
442.3380000000002
442.70300000000026
442.6020000000001
442.50100000000003
442.15000000000015
442.14700000000005
442.677
442.81800000000004
442.92099999999994
442.3220000000001
443.008
442.98100000000005
442.043
443.1530000000004
442.343
442.56700000000006
442.40200000000004
442.6439999999998
442.9480000000001
443.1470000000001
443.0769999999999
442.60600000000005
442.4969999999999
442.5850000000002
442.76200000000017
443.1399999999999
442.4660000000002
443.0980000000002
442.7430000000001
442.68300000000033
442.47100000000006
442.823
442.3380000000001
442.5869999999999
442.3490000000001
441.9470000000002
442.52400000000017
442.1809999999999
442.5780000000001
443.0560000000002
443.11500000000007
442.68600000000004
442.48800000000034
442.1120000000002
442.65200000000004
442.7689999999998
442.6030000000002
443.028
442.855
442.52700000000004
442.525
443.286
442.59700000000004
443.0269999999998
442.6470000000001
442.9069999999998
442.6170000000002
442.17600000000016
442.99900000000014
442.6170000000002
442.7020000000001
442.9350000000002
443.19800000000015
443.12
442.629
442.86499999999995
443.185
442.62600000000003
442.7990000000003
442.5910000000003
441.665
442.86699999999996
442.82499999999993
442.56800000000004
442.5580000000001
443.1410000000003
442.59900000000016
442.8650000000003
442.4750000000002
442.48699999999997
442.5950000000001
442.535
443.49300000000005
442.7620000000001
442.81000000000023
442.56500000000005
442.7280000000001
442.971
442.982
442.3360000000001
442.8360000000001
442.74699999999984
441.99999999999994
442.742
442.3900000000001
442.93199999999996
442.66700000000003
443.3889999999999
442.7710000000001
442.2760000000004
442.35
442.841
442.9000000000001
442.7800000000001
442.94700000000006
443.48099999999994
442.69500000000016
442.95700000000005
442.43299999999994
441.84999999999985
442.18300000000005
442.39200000000017
442.6610000000003
442.5160000000002
442.6579999999999
442.5160000000002
442.32200000000006
442.48000000000025
443.38100000000026
442.62899999999996
443.066
442.59700000000004
443.0190000000002
442.9210000000003
442.741
442.38300000000015
442.6200000000003
443.073
442.63
442.8560000000001
442.6280000000001
442.70900000000006
442.36099999999993
442.249
442.492
442.892
442.49800000000005
443.2119999999999
443.08400000000006
442.84299999999996
442.522
442.791
442.673
442.547
442.75499999999994
442.139
442.6499999999999
442.2869999999998
442.81100000000004
442.2280000000002
442.0900000000002
443.39100000000013
443.004
442.35799999999995
443.04899999999986
442.698
442.1599999999998
443.1060000000003
442.853
443.1940000000002
442.2
442.86400000000015
442.83400000000006
442.9359999999999
442.7149999999999
442.644
443.1629999999999
442.63300000000027
442.83700000000005
442.352
442.93199999999996
442.7900000000002
442.7830000000002
442.8219999999999
442.6410000000002
442.3220000000003
442.8580000000001
442.1690000000002
443.112
442.77
442.7630000000001
443.12199999999984
442.8470000000001
442.7910000000003
443.01600000000036
442.56700000000006
443.0520000000002
442.88599999999997
442.95000000000005
442.8859999999999
442.487
442.959
443.0709999999999
443.2180000000001
443.05499999999995
442.991
442.8910000000001
443.38300000000004
442.3590000000001
441.961
442.8810000000001
442.5390000000003
442.8269999999998
442.3980000000001
442.79200000000003
443.0920000000001
442.744
442.79899999999975
442.38000000000005
442.8130000000001
442.94300000000015
442.93200000000024
442.45400000000024
442.99100000000004
442.926
442.3420000000001
443.2559999999999
442.95099999999996
442.4390000000001
442.63799999999986
443.12800000000004
442.85599999999994
442.717
442.84500000000014
442.9660000000001
442.509
442.7590000000002
442.55400000000014
443.0570000000002
442.48
442.25900000000007
442.70700000000016
442.6090000000002
443.23899999999986
442.8410000000003
443.04200000000003
443.001
443.04500000000024
442.6370000000001
442.47900000000016
443.08800000000025
442.7840000000001
442.56199999999995
442.70300000000003
442.7910000000003
442.67999999999984
442.7959999999998
442.8409999999999
442.945
443.74400000000026
442.61600000000016
442.69900000000007
443.1460000000001
443.10900000000004
442.5490000000001
442.7230000000001
442.63800000000015
442.4959999999999
443.0860000000002
442.8280000000002
442.797
442.94800000000004
442.6900000000002
442.30900000000014
442.85699999999997
441.95100000000014
443.11
442.615
442.8979999999999
442.65
442.99300000000034
443.16400000000016
442.0339999999999
443.30399999999986
443.50500000000005
442.4510000000001
442.63700000000006
443.06100000000004
442.2600000000003
442.4190000000003
443.15600000000006
442.6139999999999
442.7360000000002
442.8210000000002
442.223
442.97400000000016
442.24800000000005
442.7130000000001
442.164
442.73900000000003
443.089
443.0230000000001
443.32500000000005
443.4540000000002
442.93699999999984
442.62399999999985
442.9460000000001
442.6480000000001
442.3529999999999
442.5960000000003
443.0009999999999
442.232
442.6999999999999
442.43500000000006
442.7930000000001
443.1930000000004
442.5180000000002
443.13500000000016
442.805
443.70400000000006
442.68799999999993
443.03800000000024
443.20700000000005
442.47000000000014
443.455
443.2569999999999
442.573
442.226
442.82100000000025
443.1480000000001
442.9819999999999
442.9860000000001
442.6010000000002
443.3459999999999
442.55099999999993
442.5980000000002
442.749
442.9329999999998
442.684
441.87499999999994
442.986
442.6779999999999
443.4369999999999
442.82199999999983
442.249
443.0240000000001
443.4820000000002
443.12000000000006
443.34100000000007
442.93800000000005
443.1490000000001
442.8600000000001
442.76200000000006
442.9350000000003
442.93600000000015
442.67200000000025
442.5200000000001
442.4880000000001
442.45299999999986
443.353
442.445
442.6460000000001
443.12500000000017
443.305
443.2150000000004
443.18000000000006
443.19299999999987
443.1620000000001
442.4679999999999
442.6759999999998
443.53200000000004
442.903
443.08900000000017
442.67600000000004
442.5820000000001
442.87600000000003
442.44899999999984
442.7000000000003
443.01900000000023
442.8639999999999
443.8210000000001
443.4509999999999
443.3510000000001
442.6410000000001
442.3010000000002
442.8889999999999
443.281
442.62
442.95700000000005
442.61599999999993
443.11699999999996
443.26400000000024
442.7370000000002
442.7290000000003
442.8500000000003
442.78500000000014
443.0710000000001
442.7859999999998
443.19500000000016
443.87100000000015
443.0380000000001
443.01799999999986
442.6799999999998
442.7740000000001
442.87800000000004
443.07599999999996
443.12300000000016
443.0530000000002
442.79400000000015
442.9150000000001
443.0820000000001
442.8640000000001
442.60400000000016
443.18199999999996
442.95799999999997
442.3429999999999
443.09900000000033
443.2130000000002
443.20500000000015
442.7230000000001
443.6970000000001
442.458
443.1650000000001
442.9
442.64599999999996
442.6710000000001
443.58200000000005
442.97799999999995
443.20400000000006
442.19899999999996
442.67100000000005
442.9950000000003
443.3340000000002
442.3930000000001
442.66800000000035
443.05600000000004
443.63799999999986
442.7799999999999
442.86800000000005
443.4149999999998
442.665
442.63400000000024
442.55699999999996
443.36300000000006
443.345
443.4530000000002
442.69899999999996
443.22100000000023
443.165
443.2450000000001
442.6730000000002
442.57700000000006
442.8330000000001
443.0410000000002
442.23400000000015
442.98
442.517
442.5880000000001
442.20999999999987
442.2870000000001
442.9629999999998
443.3460000000003
443.22700000000003
443.0860000000001
443.026
442.69500000000016
442.4580000000001
442.86600000000004
442.48999999999995
442.6369999999999
442.45200000000017
442.36
442.87100000000027
442.7769999999999
443.1689999999999
442.11900000000026
442.7320000000003
442.67800000000005
442.9769999999998
442.8230000000001
442.6459999999999
442.37500000000017
442.85100000000006
442.9520000000001
442.62800000000004
442.92099999999994
442.99400000000014
443.2280000000001
442.58799999999997
442.83099999999996
443.7140000000001
442.68499999999995
442.9120000000001
442.9280000000001
442.5040000000001
442.4730000000003
442.994
443.55199999999996
443.0760000000001
443.0209999999999
442.99800000000005
442.40500000000014
442.92499999999995
442.43700000000007
443.13199999999995
442.8390000000002
443.1920000000002
442.5539999999999
442.769
442.79200000000014
443.08400000000006
443.5870000000001
442.617
442.33700000000005
442.7320000000002
442.89900000000017
442.6969999999999
442.833
442.76099999999985
442.19800000000026
443.5020000000001
443.3210000000001
442.92500000000007
442.8690000000003
443.1959999999999
442.38800000000015
442.4230000000001
442.9810000000002
442.97
442.79799999999994
442.6180000000002
443.103
443.54600000000005
443.13300000000015
442.8580000000001
442.6690000000001
442.889
442.62300000000005
442.2699999999999
443.3260000000001
443.2939999999999
442.754
442.5780000000002
442.73299999999995
443.0560000000003
442.6400000000002
442.62
442.9269999999999
443.2830000000002
442.33299999999986
442.9730000000002
443.413
442.9689999999999
442.92500000000024
442.6270000000001
442.95700000000005
443.0620000000002
443.228
442.6920000000001
442.94900000000024
443.0690000000001
442.66100000000006
442.9690000000001
442.55300000000017
442.57900000000024
443.069
443.02099999999996
443.0850000000001
442.731
443.11000000000024
442.3190000000001
443.22400000000033
443.04900000000004
442.70300000000003
442.64300000000003
443.56300000000005
443.0270000000001
442.7570000000003
442.6299999999999
443.22200000000004
442.9819999999998
443.0280000000002
443.327
442.76000000000005
443.3129999999998
442.63800000000015
443.422
442.881
442.65
443.32500000000005
443.19900000000024
442.8709999999999
442.922
442.82800000000003
442.87600000000003
442.531
442.6669999999999
442.40300000000025
443.039
442.89899999999994
442.4160000000003
442.7869999999999
442.8580000000001
442.486
442.79100000000005
442.7930000000001
442.44700000000006
442.61200000000025
443.2680000000001
443.0390000000001
442.9089999999998
443.037
443.2120000000001
443.25800000000015
442.5139999999999
442.9010000000002
442.74800000000016
442.48900000000026
442.88700000000017
442.0530000000001
442.37000000000006
442.7960000000001
442.74100000000016
442.1209999999999
442.608
443.39000000000016
443.01399999999995
443.2540000000001
442.4180000000001
443.07599999999996
442.43600000000015
443.06200000000007
443.26199999999994
443.5540000000001
442.4730000000001
443.19399999999996
443.19800000000004
443.2290000000001
442.94699999999983
442.7060000000001
443.1270000000001
443.4059999999999
442.71000000000015
443.162
442.92099999999994
442.599
442.98700000000014
442.4150000000003
442.99600000000004
442.36999999999995
443.33299999999986
443.8530000000002
443.6360000000002
442.9350000000002
443.277
442.8439999999999
442.73100000000005
442.455
442.8980000000002
442.6740000000001
443.41
442.458
443.5940000000001
442.88299999999987
443.42400000000015
443.1509999999999
442.9940000000001
443.182
442.55000000000007
443.0500000000001
443.24600000000004
442.846
442.48400000000004
442.80299999999994
442.6060000000002
443.4370000000002
442.5390000000001
442.8170000000001
442.73100000000005
442.31800000000015
443.148
443.28200000000027
442.0690000000002
442.9550000000001
442.64099999999985
442.283
443.21899999999994
442.88299999999987
442.6540000000001
442.885
443.8980000000001
442.57700000000006
442.86600000000027
442.9750000000001
442.458
443.2060000000001
443.08
443.18500000000006
442.8919999999999
443.5959999999999
443.1599999999999
442.58
442.793
443.2810000000002
443.1499999999999
442.1370000000004
442.6680000000001
442.6779999999999
442.81800000000004
443.0299999999998
442.6039999999999
442.7590000000002
442.6440000000002
442.6540000000002
442.79299999999995
442.909
442.74799999999993
442.4619999999999
443.07300000000004
443.14
442.4230000000002
442.52999999999986
443.58000000000015
443.1559999999999
443.3980000000002
443.64799999999997
442.8469999999999
443.19500000000005
442.92500000000007
442.8249999999999
442.61399999999986
442.96899999999994
443.1179999999999
442.49500000000023
443.1490000000002
442.68800000000005
443.12899999999996
443.62899999999985
442.61600000000004
442.8500000000002
443.30500000000006
442.47
442.5439999999999
443.09399999999994
443.0240000000002
442.36799999999994
442.978
442.7910000000003
443.06099999999986
442.7280000000001
442.54799999999994
442.64400000000006
442.9590000000003
442.70799999999997
443.22900000000004
443.53700000000026
442.6649999999999
442.4889999999999
442.981
442.78600000000006
443.01399999999995
443.233
443.1919999999998
443.20300000000003
443.221
443.2389999999999
442.44799999999987
442.776
442.7789999999999
443.0410000000002
442.286
442.914
443.24799999999993
442.7850000000003
442.80800000000033
442.737
443.0880000000002
442.74500000000006
443.13900000000007
442.39099999999996
442.85400000000016
442.66599999999994
442.884
442.8170000000001
443.36500000000024
443.00000000000006
442.5750000000002
