0.24933249999999993
0.2498960280858257
0.2496419973697447
0.25000965888874016
0.2554063910421507
0.2669818559275321
0.28716504498836704
0.311691256351445
0.3443171223284414
0.383102253926698
0.4219044364461522
0.461271611822911
0.48986248564362755
0.5132475544386598
0.5313361279525997
0.5456238223730739
0.5564597600475933
0.565443437331382
0.5727018277032234
0.5819300357623601
0.5860936381864985
0.5930234176955002
0.5989752281493839
0.6038127206504363
0.6080092280699582
0.6140437974403639
0.619046176709034
0.6223545191419813
0.6256561596076209
0.6296749988992394
0.6335440359108893
0.6356961729354121
0.6393356533574255
0.6419608494347545
0.6486915172836306
0.6478799618746115
0.6507424876653352
0.6574201693234407
0.6616154478346148
0.6665385612519811
0.6636551396756027
0.6688522270549891
0.6741880771404294
0.6773451336019447
0.6772332958093377
0.6820641604625005
0.6852073606837357
0.6884966655933182
0.6900594397618444
0.6934386909679303
0.6926690098180179
0.6957682568404366
0.7620906606339903
0.7669315405931966
0.7705094583829539
0.7721323050253823
0.7733548656452547
0.7737371553383244
0.776067357292867
0.7766444094800748
0.7770195439001093
0.7774647905347112
0.7782950053542023
0.7787441106923839
0.7795074401181331
0.7795143401245113
0.7799383037967164
0.780100970359437
0.7811347954824487
0.7814005747652893
0.7818541467160327
0.7820286345507842
0.7817721371935575
0.7826682708511247
0.7821302879331768
0.7830420259233337
0.7833242023965411
0.7819745009791336
0.7826693393679217
0.7827993324558785
0.7839120911372119
0.782903688966261
0.7836128736551281
0.7833215406282925
0.7831121136714476
0.7834008877061887
0.784159341569507
0.7835133686399114
0.7835205352577919
0.783801537632892
0.7846006033984851
0.7848216824899482
0.7840762797495406
0.784707237647384
0.7835716653785977
0.7838311532463709
0.784493139612196
0.7845537667750112
0.7841543148445013
0.7849205058151736
0.784915517997188
0.7838663038744141
0.7855602187571682
0.7846783375170585
0.7847846325341017
0.7849662313964039
0.7853614984143791
0.7853636944460557
0.7853227285901014
0.7845744301572698
0.7846683364409914
0.7850902924855212
0.7844469030998431
0.7850869062511867
0.7842467486759835
0.7860133981585982
0.7850726736360732
0.7855152595438589
0.785272825665932
0.7848480477357326
0.7854729382295993
0.7859912826970281
0.7861165622974363
0.7862778128786733
0.7847140622774991
0.7855950639963702
0.7854563407018706
0.7854769401755413
0.7844782513922054
0.7855546640198127
0.7855906924801284
0.7852217046078804
0.7863306198390955
0.7855768828752366
0.7865543396779051
0.7858867114171499
0.786492695167325
0.7861923545786874
0.7860070251621427
0.7860129559013658
0.785455363134714
0.7857534672933792
0.7866433470793599
0.78621707078714
0.786170326808628
0.7851391311183314
0.785848492069427
0.7866528860363969
0.7856594588895365
0.7866930790880933
0.7861090263436682
0.7861073814187455
0.7867752065483634
0.7861765603030149
0.7861560135196042
0.7864146513641574
0.7870654063553089
0.7864405302801002
0.7871604605053649
0.7866622287854612
0.7870150774038313
0.7872176472710158
0.7858545803862131
0.78685770495481
0.7863831846363355
0.7867820693814774
0.7871741014090733
0.7869560974047128
0.7880174031922966
0.7869696160931738
0.7872674364639336
0.7867708761431049
0.7866128833168514
0.7868422960814107
0.786757711162162
0.7861084233913771
0.7868188048129447
0.7863808733293187
0.7869685475214662
0.7876180026652303
0.7874015443058521
0.7869845070439044
0.7872616272628926
0.7873528980123268
0.7874445068840359
0.7869569487599211
0.7872750375824724
0.7864300724144903
0.7868212040134915
0.7878432539535376
0.7866162483283355
0.7869056825845441
0.7866136171326282
0.7870824282220275
0.7862868846445888
0.7869252840072483
0.7876868506675975
0.7868297564489966
0.7876613033225094
0.7879859540100774
0.7865947773196342
0.7869387646892
0.7878511121776778
0.7873401521137561
0.7876388407095287
0.7877254405427937
0.7874417437686596
0.7866710081425156
0.7880314799897847
0.7882729701745146
0.7876057367446802
0.7872313974874485
0.7874692949761354
0.7880825160744196
0.7875608658914548
0.7870453151036136
0.788206588744269
0.7873290884278958
0.7878179755045107
0.7879491556897373
0.7869157621566062
0.7874114144164069
0.7879376540904013
0.7874018604631832
0.7872654209351011
0.7874064693249068
0.7885011036538352
0.7867416422115212
0.7876823546018943
0.7870201476983546
0.7879150116995262
0.7882209962360376
0.7881771664226411
0.7875643380728335
0.7879366030829096
0.7887604120166317
0.7878944428899206
0.7888546300420536
0.7880550043861289
0.786935125520142
0.7880786621782104
0.7883377360502106
0.7882681280389674
0.7875552443963167
0.7878439960132888
0.7888271674969445
0.7885677479702887
0.788858711566393
0.7883519043476952
0.7878962251431895
0.7879604569335812
0.7882839047565625
0.7880598696833404
0.7877546457057011
0.7880854125956087
0.7886142686250766
0.7892370691815139
0.7888520830676576
0.7890735003965257
0.7889615778313428
0.7879069371253878
0.7885009565088192
0.7888232737084508
0.7890166129135856
0.7896860190173866
0.7887619679387676
0.7890997141660588
0.7883759083598553
0.7876962261462167
0.7886027331759518
0.7893162975333022
0.7884128187157106
0.7884513444455536
0.789200230048238
0.7889289512191427
0.788653428709113
0.7892965886979886
0.7881869314463128
0.7885783306927785
0.7893772461457901
0.7890301822863279
0.7884299218424318
0.7885723159128135
0.7891493632982791
0.789113108721802
0.7877268660334089
0.7894254440616334
0.7888379237089755
0.7888901446630271
0.7887638213814487
0.7886037271601296
0.7881911795536305
0.7893514092677326
0.7887603627632777
0.7889303855628427
0.7891639601203463
0.7891329691553425
0.7888009091523432
0.7887832416606195
0.7892533871011966
0.788613453589124
0.7886993510895887
0.788405602837907
0.789156082031962
0.7885972703622341
0.7891462753544687
0.7890563710643173
0.7891324919207631
0.7887208829105942
0.7890956834499165
0.7893254273850946
0.7894243391511835
0.7891076078159756
0.7881643786316236
0.7900658669176163
0.7883369509427947
0.7895633324545003
0.7890754732336164
0.7894919696920631
0.7884442225888394
0.7889834968769714
0.7888482205473495
0.7892475500450209
0.788593170592545
0.7882220216034921
0.7884837087570727
0.7891597322675841
0.7895489256144846
0.7891039912732676
0.7885632653784518
0.789011655103479
0.7889315637710368
0.7892447675439529
0.788800402806136
0.7893468338147618
0.7895417604443878
0.7888631960277762
0.789790886152203
0.7883041557492989
0.7889311712414085
0.788901257194945
0.7882846850319498
0.7886483774993571
0.7890455482744183
0.7896153788510379
0.7881284256833563
0.7894456928827137
0.7892662280647207
0.7889360868515982
0.7888785876760197
0.7888395206639162
0.7893099538763085
0.7894954071008199
0.7893234049947517
0.7896547332666689
0.7888420170906487
0.7883447662891708
0.7894747373225574
0.7893766425671801
0.7891275957413135
0.7890854283272042
0.7893863054036594
0.7888413830353129
0.7893517574909956
0.78984570064167
0.7888757761713496
0.7894772763159869
0.789486880054025
0.7890711440411309
0.7889838871990539
0.7889804825162721
0.788700104596349
0.7894005968852111
0.7890796010805914
0.7898834421738218
0.7889247341137071
0.7890689190314917
0.7891308974480874
0.7884859201640289
0.7885523698584432
0.7888097896987399
0.7886590120456183
0.7895001288076738
0.7894385725300229
0.78899534702482
0.7885394157249128
0.789886949962606
0.7886774608078956
0.7885760246714908
0.7895178063533548
0.7892763450959805
0.789595951040106
0.788591073946541
0.789054122213947
0.789713456203831
0.7892321410072993
0.7891477237354103
0.789273544845917
0.7896475248161026
0.7894854543608197
0.7894242357594503
0.7893351243962664
0.7890589073848868
0.7896602561610302
0.7901488072640241
0.7896865930976621
0.7887892099455347
0.7894365019411452
0.7890560903525909
0.7890291129750975
0.7893958375229131
0.7888954305445952
0.7893561770761097
0.7902612327245384
0.7893565475923161
0.7884378425661701
0.789032467722354
0.7893671394811487
0.7889446868120293
0.7891021660258167
0.7890059539887478
0.7893673361700456
0.7882654618526981
0.7889748170056555
0.7885082062032268
0.7885234713779097
0.7898362074338023
0.7887242609541468
0.7889321911723199
0.7888754730105009
0.7897481673734549
0.7886352345030345
0.789832192532362
0.7895480816492038
0.7890943423179511
0.788844595418904
0.7894646569043782
0.789114679123983
0.7886906044399072
0.7896217825360007
0.7893718377805728
0.7892086592864905
0.7888847574477854
0.7893331771983181
0.7884657094809007
0.7892551546574382
0.789130871021295
0.7890313433412487
0.7888136619110427
0.7893528863524086
0.7891327215028935
0.7891843506414589
0.7893634927963005
0.7890762995601075
0.789373830857724
0.7899458517526157
0.7891341078388975
0.7891857228328617
0.7888970811372679
0.7898728670523312
0.7891417153350786
0.7894743633798229
0.7889614982834159
0.7898078304279246
0.7886851226445031
0.7894050724089737
0.7891071923359277
0.7890237746643765
0.789651386094004
0.7897086516675468
0.7896437488903016
0.789455035690547
0.7889990089830409
0.7891567029471578
0.7897432875398196
0.7899653911716714
0.7897729124024696
0.7893492888676227
0.78919526557175
0.7892618459483712
0.7894896998071792
0.789201187466256
0.789111345783068
0.7894821368136452
0.7896810168286666
0.789403763363785
0.7889386874883129
0.7888662344385817
0.7894320242701783
0.7893066535903526
0.7888171724578987
0.7883719938051739
0.7889926245875494
0.7889410600559974
0.7891269148202363
0.7893740674530774
0.7894581371330304
0.7890632388643598
0.7891521932536386
0.7899705871898649
0.7889288041835509
0.7890536669418018
0.7890799205774858
0.789559761921359
0.78994228945456
0.7892143986071537
0.7885354692218876
0.7896266643357237
0.7891280229213549
0.78906017520907
0.7899081993280574
0.7883363808128907
0.7894253837607572
0.7892210478225088
0.7892270949321128
0.7891759963670961
0.7892888006288536
0.7894926629815785
0.789363466236649
0.789048099402012
0.7888549489378731
0.789682759496652
0.789357338849164
0.7897940038710857
0.7887445969273331
0.7887988586441996
0.7894465887889115
0.7898003556244889
0.7888655298943966
0.7897334946804075
0.7892023791320613
0.7892654539037618
0.7893488946083158
0.7889991868020511
0.7889458043496971
0.7889514319282936
0.7895391636993574
0.7890757854434254
0.7899721481216802
0.7887585364108641
0.789253435646318
0.7896189312179966
0.7900392895058558
0.7882793257100082
0.788865027087853
0.7894289743401132
0.7892197493309968
0.7894277541839996
0.7887764959307595
0.7893592077530329
0.7890618105605841
0.7890730968173174
0.7895120432707136
0.7893469259914719
0.7895667076465409
0.7887868746497856
0.7890509798484513
0.7892393040577284
0.7893102123292153
0.7895726165918886
0.7897451606550212
0.7885552167461333
0.7891053064025769
0.7889897511692797
0.7895927451378089
0.7887477671547474
0.7888287252773695
0.7897131665440815
0.7891114475197667
0.7890983249766705
0.7892932084769234
0.7889156016755422
0.7895484743066694
0.7896965824188074
0.7897152714294343
0.7891687556801462
0.7888555633332446
0.7888459106624021
0.789384783797027
0.7894297045099289
0.7894416304117451
0.7889505666670386
0.7883151112193535
0.7895285772640405
0.7890810514820791
0.7889242598681198
0.7895519911734072
0.7893811794974736
0.7892404328456447
0.7895932752988806
0.7889988060685854
0.7899997780582071
0.789049877279865
0.7896372330684962
0.7895407575973781
0.7893477834525747
0.7892319187848565
0.7886676285129282
0.789033153717181
0.7896687727927588
0.7889200863655929
0.7896540564869781
0.7891457260960785
0.7898608711297045
0.789889199216536
0.7895085332689533
0.789712863132567
0.7903683966523127
0.789093783857592
0.7895313353933274
0.7887723757052357
0.7893814343065345
0.7890369184749312
0.7897062075899948
0.7891929450951892
0.7893077107462584
0.7903204821317097
0.7883850550885302
0.7897757809968091
0.7894014493282177
0.7892192951942684
0.7888887685692354
0.7888474157223715
0.7890074773978519
0.7893747600462615
0.7891378743161346
0.7889748405342206
0.7896667038609125
0.7894589209829894
0.7897005289159251
0.7895980555925927
0.7889531964681558
0.7890215575316266
0.7896846914613956
0.7892926658149177
0.7900281112528309
0.7894365744269648
0.7891866098607662
0.7894470744049527
0.7897561403068946
0.7891012152689539
0.7901895492690245
0.7889076818772431
0.7894893832440215
0.7885406227677569
0.789269464318273
0.7897655191944017
0.7890862198267972
0.7892984542653321
0.7890383415985974
0.7886004128487071
0.7892451802298628
0.7893923422920733
0.7897599000592183
0.7893753200727776
0.7891979164651969
0.7897709810999076
0.7893267713110983
0.7896983334947768
0.7887776731820232
0.7886773706782574
0.7901442204810897
0.789140961714504
0.7893987693349591
0.7889204260676216
0.7895667753582711
0.790129365997534
0.7893555536155092
0.7890493504339893
0.789491923169602
0.788792384581276
0.7897389972636591
0.7895236068001792
0.7897077144705417
0.7889817447196711
0.7890454223156756
0.7889875730130873
0.7896322865901229
0.7892851982970746
0.7897069740977308
0.7891251908311623
0.7891408549364914
0.789315538982454
0.789020777909668
0.7896912104199173
0.789175665990765
0.7894195529140322
0.7896923986148093
0.7897704033142703
0.7891773371448728
0.788671767996369
0.7888606351056957
0.7888606250975089
0.7889484909251654
0.7890998368322664
0.7889688117933764
0.788698522111929
0.7894722117326087
0.7892426272841015
0.7892325776727529
0.7883682488061835
0.7883168504991506
0.7892817367263438
0.7890660051835612
0.789463189984478
0.7888666743895293
0.7895870724525855
0.789776205646636
0.7882716030742415
0.7890215644999347
0.7889034767831098
0.7896558800670358
0.7894320649627308
0.7898259431978587
0.7891933047853154
0.7894111640572894
0.7885486566363861
0.7887923728596422
0.7891344701988595
0.7893878001996687
0.7891918753666312
0.7898830045094556
0.7896288930120181
0.7891696862652559
0.7890850062737385
0.7887495046758279
0.7893612786080619
0.788960680008454
0.7900009375132814
0.788732503417267
0.7889337687007828
0.7891715341759591
0.7890118799688658
0.7890691177307885
0.7889151408584228
0.7894160942977273
0.7893040520392782
0.7897334467809525
0.7893530566344528
0.789270478935956
0.7893106707110681
0.7890165686185411
0.789062540122479
0.7896493008141282
0.7889481351717891
0.7889553896796273
0.7882818720456244
0.7901256019861533
0.7894348446663689
0.7897285808399578
0.7889805969459533
0.7889930392043161
0.78976199349449
0.7885641386903949
0.7894280223206265
0.788892727821035
0.789256818091006
0.7891436210212155
0.7894608189008916
0.7890554032699179
0.7889143862199594
0.7895578548172026
0.7893750198139717
0.7893854692534975
0.7893048566756624
0.788851769886678
0.789220809250005
0.7892053316870526
0.79017437648057
0.7893722335575986
0.7886489005397697
0.7896395587273147
0.7891094029988799
0.7890434249314129
0.7894075890162802
0.7886118399291641
0.7891704094716334
0.7895454207253662
0.7888455733035508
0.7892872635415887
0.7897612268419448
0.7891479451526306
0.7896028971351247
0.7897319362915961
0.7901693328145727
0.7896074692572622
0.7897954299492116
0.7892995329318704
0.7881730097380771
0.7894042974368611
0.7890550180803063
0.78847403905979
0.7891634217217929
0.7902071329912981
0.789947595718557
0.7891067848760903
0.7896639582592324
0.7900911846737274
0.7891332887180834
0.7899243185604711
0.7894592757397715
0.7896667440408658
0.78928385568118
0.7893388616701371
0.7886476234297032
0.7888342441154408
0.7900770354145614
0.7893550043500445
0.7888519812693415
0.7896569501625745
0.7897526410979073
0.7892176406952975
0.7892515839337376
0.7890595300115868
0.7890928457101066
0.7889148540586849
0.7888325104359764
0.7893902517314564
0.7890363399337589
0.7890891125882944
0.7890844242683245
0.7898158358541763
0.7886760989424826
0.7890874643796224
0.7892039861189712
0.7896679734929402
0.7881937960760189
0.7891119746316021
0.7893194813004878
0.7890821708220588
0.7888705180527346
0.7888364734304187
0.7892015420284387
0.7892486328300796
0.790095126508502
0.7892819098095206
0.7887234445179692
0.7897682269717055
0.7899303254334232
0.7889827261958052
0.7896051827134443
0.7898281867764885
0.7895403010059202
0.7887869948174759
0.7887980571396699
0.7889822451515771
0.7882126597850413
0.7891997215415077
0.7887080259047248
0.7881949908812552
0.7881071180042817
0.7896728543587028
0.7894904499346462
0.7894787782859364
0.7892999547635811
0.7896027506454358
0.789380977497323
0.7890940362363785
0.7896117865695648
0.7897852038539921
0.789461464972127
0.7889236742886153
0.7893391418691406
0.789528615514375
0.7888940358812943
0.789235459008775
0.7894761209481322
0.7892921783382977
0.7891933978358624
0.7897926863400958
0.7889942217271125
0.7891799235868093
0.788119696347056
0.789607856635362
0.788891756507834
0.789752092313678
0.7888942497063159
0.7891987375348997
0.7892300097180963
0.7889517624252754
0.7894109302577708
0.7899141863209255
0.7896128463136475
0.7887242170442945
0.7887088182638632
0.7893602643155957
0.7892752229447187
0.7892710547033527
0.7885240912721784
0.7888767801173344
0.7889474053163075
0.7892421867810918
0.7898047807419266
0.7896135325508553
0.7896863487778741
0.7891325448452187
0.7896213329572384
0.7883120835234471
0.7892931629833919
0.7891067164659993
0.789004952765695
0.7888235433842965
0.7891729416305097
0.7883597288997106
0.7899545446640017
0.7894206611797803
0.7897122274577222
0.7891846894194299
0.7893877016595714
0.7889471456898332
0.789454054664728
0.7889413983027531
0.7885291469078739
0.7893602005978214
0.7890786112532804
0.7891495097378396
0.7890171544698298
0.7895699912138358
0.7890607490743163
0.7884727646439456
0.7891206760367544
0.7895257366541609
0.7887854768540654
0.7895940792807319
0.7890083333009918
0.789065666190065
0.789131230086688
0.7888402706143176
0.7885428505166832
0.7892106576780388
0.7893639203798806
0.7893100553360679
0.7890938477815316
0.7893648370938756
0.7887750880025773
0.789187789639759
0.7890797296463729
0.7896754566812908
0.7888748115823547
0.7883892216242819
0.7898371558649547
0.7890375042975686
0.7892305342168937
0.7885398380054811
0.7889398773978425
0.7889547261723904
0.7889714755542302
0.7896658616918792
0.7899371111972927
0.7893523137906365
0.7891754708135095
0.7898622138949248
0.7892972340688257
0.7901975444328139
0.7884405535254693
0.7891627162017602
0.7891083188606283
0.7894871511413873
0.7894427640208916
0.78909666479572
0.7894301357037605
0.7896437234390874
0.7892789388767372
0.7894412654092388
0.7892230659366836
0.7895431022218018
0.7887872640820853
0.79023648540763
0.7897247981835918
0.7888266308873872
0.7893249547255414
0.7888734670211909
0.7891219020435212
0.7892317779617545
0.7894124742025739
0.7895078271969428
0.7889981139348231
0.7895165398954849
0.7896790236831837
0.78856368490358
0.7886408600443414
0.7889264278098029
0.7891164915061215
0.7887772527812816
0.789729083540448
0.7892312699028478
0.7892625675469135
0.7899469133198268
0.7888236234367751
0.7888470303395759
0.789156713467818
0.789429757916946
0.7902420173974263
0.7891306245634649
0.7892459916296299
0.7892574291067692
0.788794924682883
0.7890882407621315
0.7892906855820593
0.7895160140786893
0.7897565111474268
0.7897572238412748
0.7892068072779235
0.7891907430499936
0.7888640819035925
0.788941186897361
0.7894207336588183
0.7895744535226744
0.7897156199549212
0.7896075813395262
0.7887666192720961
0.789219365085792
0.7896168915711758
0.7895713441297632
0.788914075676987
0.7893788434980489
0.7894540190936645
0.7896362249909156
0.7891663643322131
0.7889371145763109
0.789567286588339
0.7899865936941325
0.7902362972432709
0.7898382932240804
0.7899003526861211
0.7901565594235589
0.7887761011268636
0.7899041793322706
0.7885175243397697
0.7893057710439062
0.7889346711835167
0.7890967199913758
0.7887762672992703
0.789050038505373
0.7884475460278673
0.7895527074839408
0.7893209665601819
0.7895521732424469
0.7889550881084747
0.7896163830613026
0.789613559857491
0.7897802563537557
0.7889872678416765
0.7907039337499332
0.7900278689372757
0.7891233513252971
0.7888786248962836
0.7895183198093809
0.7893803307531075
0.7890482451273432
0.7893912978138574
0.7893489984078503
0.789341252708428
0.7896299270895477
0.7893101987576988
0.789425648581283
0.789304338887216
0.7888028644578057
0.7884556683939903
0.7885440535125349
0.7886645819758121
0.7890793864176052
0.7887876028334253
0.7897890828451932
0.7901220256506558
0.7891867115127624
0.7894204882535845
0.7890925628291515
0.788954203449463
0.7895204238664886
0.7888768240670813
0.7894374996478958
0.7890492827035868
0.7890016490019743
0.7891310628593543
0.790317601249211
0.7900110089317303
0.789599272430815
0.7895067083802715
0.7892550584931777
0.7892092418565726
0.7891437825512614
0.7896624206013437
0.7882796177473955
0.7892461850468999
0.7894536514671018
0.7880882463032818
0.7890636471941481
0.7901985280799907
0.7895156322682818
0.7894399180727166
0.7894807915310763
0.7892065662974881
0.7897696267865321
0.7894580486052541
0.789330390050716
0.7891904312838353
0.7891721454371862
0.7880365486582938
0.7893056591522317
0.7892806770961365
0.7893491776072767
0.7893006302322177
0.7891219811775487
0.7892206037099959
0.7894843733974425
0.7891355494017165
0.7893344209097406
0.7895285158227203
0.7891403572686305
0.7901692493382149
0.788634401871969
0.790147863270763
0.7892581557167756
0.7894090517802426
0.7898292760868948
0.7883516251970419
0.7896005775118389
0.7899223161123261
0.7894866885968199
0.788715619082985
0.7893281161860749
0.789162443709632
0.7895424341749482
0.7894632189540798
0.7885986327264856
0.7888462814466951
0.7893142290022321
0.7892053148052866
0.7894274198077795
0.7885587367732692
0.7891811736255154
0.788833404179255
0.7893896966724598
0.789577284371471
0.7895646796009983
0.7889608393542954
0.7894754074071567
0.7902488218855077
0.7893523447232461
0.7894531559815718
0.788903139849438
0.7892762984145035
0.7894304156107291
0.7889307745918533
0.7898155828983756
0.7893324573428439
0.7900940980691257
0.7886604181168725
0.7890615760424258
0.7884754968714975
0.7887132230754141
0.7901065224051627
0.7886896977081173
0.7899915144610915
0.7886393506932007
0.7899159808741705
0.7894423623355877
0.7890974664646866
0.7896171213338367
0.7894976994134466
0.7891766528651526
0.7892947967315719
0.7888354342541042
0.7888231487393831
0.789119636917212
0.7895722650545162
0.7895357244163399
0.7888783395195814
0.7888527433952945
0.7899719731019142
0.7891899488983511
0.7892213944371858
0.7886468679330715
0.7897062995556189
0.7895439915688423
0.7894234777995769
0.7898528492263847
0.7889185469216671
0.7888853388267433
0.7888546192247722
0.7894860141456819
0.7890016807595285
0.7895134107750381
0.7890396913142912
0.7898153964460234
0.7888667220721328
0.7890121624056122
0.7890597469838337
0.788949147039906
0.7894176262957171
0.7886757293115519
0.7898141938662235
0.7894895660716474
0.7900336158477635
0.7897860662604029
0.7887470668767818
0.7889671260804231
0.7893618549159186
0.789457145193916
