0.5002189999999999
0.499936473118127
0.5006483517580196
0.5000577042638966
0.4993521795178897
0.49744791157815216
0.491782106075649
0.4849445133819442
0.4733236153243313
0.4602329775719069
0.44541817976091785
0.42967851203314467
0.41612719238065254
0.40715562019496576
0.39719781389142983
0.3902398170540279
0.38553589776825986
0.379074189487532
0.3739649953459214
0.36807179477850577
0.3643950014592512
0.3605986307649707
0.3561127118437647
0.3522022323374059
0.34964338340076734
0.34522895744014886
0.34124891676834906
0.339166267287315
0.33567562978685006
0.3321499061905849
0.3292959635004676
0.32850891698118045
0.32517572052030375
0.3221237429051715
0.31745367632861204
0.31800634310038123
0.31555177371230636
0.309855997707677
0.3075989534578996
0.3031860633422578
0.30492687725959905
0.30028060078292124
0.29596685403567896
0.294317624265252
0.29285388498732834
0.28836713594955526
0.28705568890819394
0.2843615504956881
0.28183770088868604
0.28000539417647974
0.2804178759507653
0.2787491336662301
0.2227250876093981
0.21873160413119994
0.21695105837699016
0.21520198132062696
0.2143847745282673
0.21340453723691824
0.21247777034272533
0.2117123324064967
0.21108232805912258
0.2112050427118809
0.21033158146397468
0.21043271317862924
0.20971711850931885
0.20997333575480626
0.2093486421821513
0.20925981407227717
0.2086375223893838
0.20846504079995445
0.20795229055128533
0.2072915253735837
0.20764313057341482
0.20668873634085697
0.20767800276366194
0.2072526342034022
0.20644682268563347
0.20795269303194036
0.20715219652908362
0.2069844115591298
0.20624610319906808
0.20700872815405716
0.20624291790959481
0.20657292046344033
0.20657918923729002
0.20654125623495476
0.20589279770267713
0.20640900664777478
0.20676013720521322
0.20596598077111097
0.20510574836379514
0.20530346356528992
0.2059176410455653
0.2054495463686254
0.20609456477135743
0.20649509898420784
0.20588912648603305
0.20590413817318665
0.20596249562217028
0.20564925653094357
0.20566493237449954
0.2065170493731651
0.20505191712635484
0.2055065113406162
0.20555023124847419
0.20516983748099274
0.20518281058159374
0.20525822885122863
0.20504163007274362
0.20528971290446235
0.20587031077577286
0.2050795798811498
0.20593826635359735
0.20513569636291704
0.20554528362268498
0.20455487479471934
0.20479811805490558
0.20508078719524478
0.20538393054226603
0.20555688655344506
0.20481392983287755
0.2044878712025047
0.20459848922062346
0.20442816550865583
0.20541623538839032
0.2048433140924311
0.20492360537938814
0.20496012030999958
0.20578801312888
0.20492621052317667
0.20477195667234604
0.20529497602570282
0.2045184150973653
0.2052349942843617
0.20413714432384958
0.20456183509379527
0.20456500934700123
0.20445741934086173
0.20446368953249444
0.20497863713026748
0.20522751962348862
0.20493909726658835
0.20402095301648657
0.20473222403904348
0.20484931926061395
0.20525835526243655
0.20478320744388503
0.2042387735684038
0.20480867521084498
0.20410302029323532
0.20414861222040342
0.2046532773830833
0.20389047120266934
0.20459823842478386
0.2044915132427867
0.20428332868416976
0.20400942327144783
0.20445036024666702
0.20394443935509
0.20406995830924657
0.2040935493677172
0.20410553869220535
0.20456851113903987
0.2041020078857325
0.20423161706934256
0.20385335883215686
0.2041511264474722
0.20409653119746227
0.20348660545451028
0.20415233185592538
0.2037603546509038
0.2043001086920326
0.20465981623679533
0.20420871724285145
0.20420646725606617
0.20457771815754686
0.2039993431887273
0.20461394995334714
0.20382124122186987
0.203354687343512
0.20390380573480751
0.20440899625610012
0.2039803421938341
0.20370200341132513
0.2037076910938353
0.20402614365393842
0.20355649191486086
0.20448338102155805
0.20401955682091008
0.20308758619617392
0.20449530440050143
0.20404630389457623
0.20413077599812784
0.2039969624532628
0.20456580656599793
0.2040413771534305
0.20346733956804472
0.20435508046422787
0.20353708965890768
0.20305806128389062
0.20435949434345851
0.20445655891942616
0.20301645881194397
0.2038574518128226
0.2031484277250083
0.20375726720659426
0.20381943135535857
0.20435040096763274
0.20326004590975896
0.20287073291505567
0.20363667159563653
0.20382612230306094
0.20370076876078066
0.2030114227495913
0.20349688039306313
0.20386672801759634
0.20261286944890372
0.20394783578600825
0.20369178882957095
0.20355239622289406
0.2039282907586429
0.2036151369973922
0.20326324697791026
0.20313225293208975
0.2037702272411967
0.2036132709069393
0.20279676390166912
0.20416875246708469
0.2033817739269173
0.2039212413827207
0.2033475385558198
0.2027898916801913
0.2029689012026968
0.20325125180080864
0.20333288804192912
0.20264623622344702
0.20288241054361694
0.2023989234651079
0.2032846547126387
0.20398092513931634
0.2032517787419515
0.2028265656746537
0.2029830355599893
0.20349503187437393
0.20310591407891582
0.20275604786116286
0.20243318583499206
0.20207527893599572
0.20294458545075972
0.203131899878119
0.20318201504247405
0.20295776274082364
0.2028199894569183
0.20336522156366052
0.20273549863820506
0.20275018509705653
0.20231268115679193
0.202533108989021
0.2021860992057781
0.2023071215794695
0.2032091924273781
0.20286407093539624
0.20244890839734686
0.20224687553711929
0.20193054617986037
0.20233821602959193
0.20230189638007506
0.20279624463152943
0.2033130363652174
0.20279391055578977
0.20199807852835797
0.20292116403144334
0.20273027286606823
0.20233727901001608
0.20241486834712222
0.20286998663235628
0.2021450653147369
0.20266061163345422
0.2025649977557321
0.20197050879445982
0.20233240586090623
0.2032899025769126
0.20261054526965488
0.20220953320381446
0.2019161114809024
0.20335616767349232
0.20198076961429987
0.20272168331633955
0.20245241267526048
0.20265612346200243
0.202613448074035
0.20300703184894142
0.20204406219607038
0.2027032654456104
0.20222464686064823
0.20230238430133196
0.20211881508167148
0.20255655729727043
0.20208735483463372
0.20212292410433386
0.20237425327704117
0.2025149204580709
0.20291634647925494
0.2021371300149611
0.20267555880849591
0.20227489185348937
0.20212031393257854
0.20226347843462858
0.20226898158049678
0.20221062666321163
0.2020357354304278
0.20191519799268964
0.20225009492903032
0.20335082633100524
0.20176198903008857
0.20274330627078385
0.20182122551040355
0.2021660603692317
0.20173879281702875
0.20281169859101245
0.20265991364740438
0.20276649434173968
0.20235356827997986
0.2024429424591889
0.20310931294091744
0.20264387462556363
0.20257412353843965
0.20179505979972073
0.20238650260941465
0.2027688293721175
0.20240597374644712
0.20252657075520436
0.20231250193179548
0.20266601807634183
0.2021241046950679
0.2017205527664471
0.20241321892690692
0.20143888086280942
0.20313625592142653
0.20225532754361505
0.20269758206420718
0.20296543475670803
0.20244877198931577
0.202402155327006
0.20178462783142026
0.2028647614947034
0.20222043767616135
0.20200075526987932
0.20255724594746968
0.20229418415222425
0.20264651467277084
0.20204916228381412
0.2018716141134007
0.20171588615079133
0.20176274431326086
0.20239540607932127
0.20261144850287482
0.20199447506728446
0.2017749070603278
0.20222105305988083
0.20213324906467378
0.20201146353783803
0.2022477010496719
0.20204714137643515
0.2017983428234207
0.20234076580763372
0.20218391786507342
0.2019644665049144
0.2022325438613297
0.20205469756468933
0.20243489793364314
0.20214941962435115
0.2020123534825711
0.20222529798410804
0.20173302031216128
0.20242440260190586
0.20242444686409605
0.2023034727807061
0.2028387878202626
0.2025314441235837
0.20259765666594717
0.20262643654516574
0.20185742845157909
0.20220358482791967
0.20248999033463652
0.2026311576152641
0.201712931331579
0.2028353750636067
0.20256409521967988
0.20236216317100067
0.20197833413900312
0.20232443444091344
0.20279991892328258
0.202192246307699
0.2019611095102898
0.20195350064572673
0.2021374462823421
0.20231920830742187
0.20143721621181634
0.20198811660610955
0.2020918592379046
0.20220747794791283
0.20246285713271547
0.20170157436160063
0.2014288629261568
0.20175795165109545
0.20258826592074639
0.20191155962492627
0.2023661420977046
0.20233076810404618
0.20190968566289247
0.20239279803282162
0.20187779221587632
0.20147199233768473
0.20202368015007077
0.20260310325275704
0.20240055086112366
0.20196589995911052
0.20211908839778325
0.20223820617695015
0.20218151078517066
0.20208261192683977
0.2029081844052846
0.20224236898182898
0.20281948061503727
0.20278146481169507
0.2015446723491471
0.20272899244129694
0.20252032022462899
0.20283361368845282
0.20217421630268612
0.2027425604601465
0.2017017742227086
0.20183622898470766
0.20201216052531593
0.2025774681594195
0.20195703282301217
0.20212526987529514
0.20273905900518505
0.20177135180729494
0.20184929941151636
0.20208338609128354
0.2022959436730022
0.20207906829554567
0.2028371517724352
0.20205748390410808
0.2021787767503932
0.20220742354180024
0.20241210182309818
0.2020398804681311
0.20232840762498364
0.2021658770585433
0.2019105457485001
0.20195899471985623
0.20210523873867672
0.20165869210449888
0.20235866440187697
0.20216464034443754
0.2021913485482656
0.2015892509082943
0.20223018690584552
0.20207148516767043
0.2023312178182329
0.20161430225340357
0.20235945033785943
0.20199083084337333
0.20212061711694002
0.20247284858834305
0.20201408003204643
0.2018365774831522
0.20169782405547187
0.20184576179504782
0.20194290470496518
0.20237416410215442
0.2019351492869305
0.20144022211179174
0.2017531560749501
0.20190909421074288
0.2020577818656325
0.20206096232592016
0.20193123816938255
0.2022158175271221
0.2020211721831628
0.2022230202123257
0.2017462568323576
0.20216065084940282
0.20268119269049545
0.20240338244461373
0.2017909542121174
0.20215992552955547
0.20265669348651663
0.2025597997247981
0.20231458600915148
0.2025181276766761
0.2023085651686427
0.20209133205820515
0.2018925485868234
0.20245621188946494
0.20207111085530244
0.20126302570110016
0.2026178631306177
0.20216450930366864
0.20274195603740208
0.20188196488511917
0.20184326460206983
0.2021113399507411
0.20267227321506776
0.20201140812388924
0.20228942210040063
0.20223505695637062
0.20172473708091215
0.2029338888263874
0.20202651199607646
0.20253778262313532
0.20241819834117014
0.20216624586453155
0.20226939863482962
0.20159414424603322
0.2023049527128659
0.20215120392888725
0.20259767984152005
0.20156693712988613
0.20210914128687169
0.20193129956238232
0.20273637948365839
0.20262597741706376
0.20227299458123188
0.20188855276401038
0.2021479399306124
0.20172584228096782
0.20222013532335023
0.20203465203388662
0.20193245220589356
0.20256304977806927
0.20220706343115297
0.20233957663838203
0.20214828101387428
0.2024429833568294
0.20135531559930755
0.20254922669506917
0.20246249495183372
0.20202754361954278
0.20169071632402588
0.20287144542166385
0.20242982340629834
0.20156392933906225
0.20203083308034997
0.2020215167695702
0.20270156925844612
0.20192357838635316
0.2021805389401022
0.20226985588765814
0.2016098805982008
0.2016303982500229
0.20214633367357912
0.20267909886387994
0.20231657430466612
0.2021008065600444
0.20219897557613098
0.20168848389126723
0.2016669765302126
0.2028598107120445
0.20228118669530873
0.20251302842958488
0.20174752469728982
0.20236636542969813
0.20210353577072404
0.20169826078013814
0.20219996726494613
0.20224534513638498
0.2020194721715615
0.20264996217453757
0.2021951616331538
0.20162647360691033
0.20158113230501407
0.20233847196917637
0.20250751326530114
0.20228753431108978
0.20212169197048194
0.201989242536521
0.2021907527691483
0.2024655909153514
0.20289204822809315
0.20168058681765236
0.2019279290315314
0.20267639748299793
0.20238770148397695
0.20211730981842835
0.20218699746522467
0.20172240505164077
0.20259510363661767
0.2015420199658567
0.20235742125247616
0.20205453535156484
0.20228530792543473
0.20235336706387744
0.20220870431920168
0.2026321762033003
0.2023376644559247
0.20177864518907587
0.2023283969916415
0.20185874172216486
0.20206824691492514
0.20186633588643232
0.20154267325748867
0.2022120238434566
0.20177505953938943
0.20126604917537472
0.20215604178046132
0.20222152822762463
0.20223285112424996
0.20194332800193565
0.20239071266463216
0.20161306809246327
0.20206682401515233
0.20242187999299227
0.20142123779332102
0.20291007284637336
0.20150104541470967
0.20176009257756736
0.20225527644206198
0.20202189881334234
0.20255419360010496
0.2023521100581177
0.20175353333829893
0.20208364624848696
0.20223522820823503
0.20207282349232808
0.2018983194672097
0.20172559357826203
0.20149774680220647
0.20233248669105644
0.20235776361598926
0.20202834627815056
0.20209884449758597
0.2013207603928571
0.20210100980628723
0.20258978297560884
0.2018828460704745
0.2019421110123295
0.2020486763918064
0.20146676758919285
0.2025220396536973
0.2018446521012167
0.20267520327772265
0.20197787150828628
0.20147828757453531
0.2022077287671939
0.20210572803075194
0.202163853937546
0.20278748057299414
0.2021693018021087
0.20209697005335184
0.20186626080800443
0.20210281430980945
0.2018680560524512
0.20164397380345644
0.20211568861651805
0.20202934795852692
0.20224656692680099
0.2026354675326415
0.20133799002122982
0.2022296640426591
0.20181512351475575
0.20250695278452735
0.2017891954755024
0.20167952156799118
0.20212396538391456
0.20277138358346353
0.20216833471741374
0.20253644760845246
0.20151224892238484
0.20199546006276084
0.20171617166111536
0.2026626320059734
0.20215935810812138
0.20230038391992342
0.20193626290395447
0.20208040837634506
0.20186282361903685
0.20237714879805727
0.20232464205155012
0.2019396992868909
0.20220910562069172
0.20177530613739045
0.2023301160505081
0.2018724746889372
0.2017224238685493
0.20159675926712925
0.2024097029752502
0.20281611951200823
0.2023340305722498
0.202311237227581
0.20271004309525562
0.20241076613989267
0.2022308060748915
0.20231764880362013
0.20231257225577315
0.20213454035300157
0.20207149060303714
0.2029479436362419
0.20282834717734285
0.20202426574639357
0.20211864250954042
0.20165849774579098
0.20256639001576437
0.2017565043629967
0.20165535384958488
0.2030088201259289
0.20211206264775605
0.20219399363935986
0.2018882335456238
0.2020407866250192
0.2018377919775705
0.20209870362040946
0.20192438710883567
0.20281824030526996
0.2024722153331198
0.2020433885286495
0.20217983000681322
0.20209060918126467
0.20164293307827166
0.2019625298511254
0.20212699292731073
0.2023714684565673
0.20251116169693223
0.20175576678017051
0.20222379376053493
0.20153604528867045
0.20277456451292789
0.20202868811192787
0.20210001665344068
0.20244303472640066
0.20254012570571736
0.20204582153008718
0.2019218285882755
0.20247424252720211
0.20192990260514576
0.20192298662772948
0.20231654744251837
0.20214968493052016
0.20259550057240777
0.20242580629212079
0.20162640058846923
0.20217064714586896
0.2022939330966508
0.20325951995417085
0.2010246704166968
0.20199923153351648
0.20186685660466633
0.20233837042003863
0.20252374623393699
0.20157840091288987
0.20266013045191758
0.20201482981133614
0.2021666913520556
0.2022518751569884
0.20217680533508847
0.2020363810018168
0.20249034649420494
0.20222755430503736
0.20188358854743899
0.202058039001205
0.2020384465597273
0.2023305516384081
0.20268990978154022
0.20238074430217512
0.202301223130911
0.20130637468119622
0.20199228715580836
0.2026505299537649
0.20142316152504758
0.20248581305341848
0.20216788330713262
0.20196533119473845
0.20228015985746972
0.20209455949482164
0.20197366976378103
0.20225125436123237
0.20197227292257836
0.20161505630849622
0.20214545524674293
0.20194894543092862
0.2020136257877727
0.20127203227023596
0.2017640562861971
0.20172120168884086
0.20203694776228281
0.20294741118125573
0.20222359018194538
0.20221074740528866
0.2027515496854037
0.20241504396802137
0.20154331629470726
0.2018617236931332
0.20218250942133714
0.20205804724345353
0.20160115783444152
0.20238081462120688
0.20131448714339203
0.20213031458945538
0.2015046556046921
0.20229963539492515
0.20195549557776246
0.20246838170986758
0.20216190688982885
0.20180380644451723
0.201948430387359
0.20250255404430872
0.20204394657270086
0.20157917683803317
0.20202734334301145
0.20221259649730455
0.20208295906068602
0.2019305811475474
0.2022708255514997
0.20264376488319255
0.20221203248174746
0.20275258454867381
0.20267174015174813
0.2025787668883497
0.20160692573803446
0.20255153197447184
0.2022937566603424
0.20213822877928858
0.20179347880920523
0.20292906316494622
0.20208232450444152
0.20198746070605778
0.2022937567368703
0.2023474113194387
0.20261341703076258
0.20236148469945758
0.20213909724638374
0.20136134715540843
0.2020594627571876
0.20251676985842507
0.20152456700906185
0.20185382482609737
0.20233866057420027
0.20178864884082884
0.20148980043001644
0.20190106666707222
0.20242946232751458
0.20251612195863086
0.202400220040874
0.20290990112745835
0.20218670940140665
0.2022791315692292
0.2028296330051117
0.20321151007113666
0.20191416196617606
0.20185284571113152
0.20200254106301582
0.20220117473390875
0.20200957025587482
0.20190450619149128
0.20210494598745016
0.2016572851507993
0.2015512712041336
0.20184836998428868
0.2021745221155591
0.20211865378102234
0.2017196662650182
0.20229404100585943
0.20231741901402348
0.2023966083354526
0.20230479032285748
0.20218316112580048
0.2017550645744549
0.20234024127074438
0.2024482515949524
0.20289203409990986
0.20171421567966824
0.20239759738210836
0.20181021790365608
0.2024091805486053
0.20218348213191398
0.20196338334339994
0.20247138682161825
0.20198553330327523
0.2015883896266885
0.20183879996553197
0.20242886142211133
0.20254245725369777
0.2019307293264699
0.20185202571637817
0.20197925711203632
0.20285805115379282
0.20234321291841045
0.20237931338564735
0.20219821261367252
0.201718449569647
0.2018886465101789
0.20185380503937358
0.20210303858195122
0.2019384834586101
0.20281242554217113
0.20174863311540975
0.20226093457162192
0.20189298875113346
0.20274107657561025
0.20229947591086378
0.2025941930267933
0.20158076615846487
0.20206494143060236
0.20165796100272015
0.2020541766586775
0.20245426377222436
0.2026362203743058
0.20191864701019427
0.20243965667383013
0.20279027800087207
0.2022501019517233
0.20245759153405385
0.2024301549201273
0.20232951807153696
0.20179748585163326
0.20213058991536226
0.20258237279414984
0.2024419921317792
0.20194225136243119
0.20226985341035436
0.20204647420054977
0.2024610795572991
0.20251276478334176
0.2021190785507752
0.2022340380806701
0.20280544636840997
0.20220894198903888
0.20221948521825336
0.20208566793609614
0.20235970742168255
0.20214433798897866
0.2024695776980575
0.20224622796979402
0.20244012695389949
0.2018737429651406
0.20268143838443456
0.20297278088457915
0.20211024670185845
0.2026374576380437
0.2022347119845138
0.2029065998940003
0.20252193888706696
0.20255813406544754
0.20253547482521395
0.20197082087889132
0.2017617966119554
0.20191500789501013
0.20217594197640046
0.20156120873066044
0.2021274562665148
0.20141424616497003
0.2025064372988672
0.20247561116892668
0.20249111362783967
0.2021430424269444
0.20179022196686194
0.20223524796977277
0.2021544514657924
0.20213424700044325
0.20221092658890238
0.20204387267535204
0.2020208084410938
0.2021480304188305
0.2028381405277304
0.20125786283887137
0.20184595798340976
0.20231675346110456
0.2024237022214733
0.20250565944234197
0.2024301522276015
0.20242980062600274
0.201978560425113
0.20197200984347588
0.20226663089096042
0.2019089374567307
0.20176646003313511
0.20250061019545232
0.2027116816942857
0.20193614964665532
0.2023857103313703
0.20245073623352539
0.20209344636131316
0.20214794791635896
0.20214133935882608
0.201633300407367
0.2023845516104255
0.20239438055538136
0.20219948489323328
0.20198280211826902
0.2014949036727331
0.20249254489846788
0.2022327581611589
0.2023337764036179
0.20237901280969336
0.20249504220962072
0.20249038968685149
0.2020141099468477
0.2019256267119313
0.2015804850221211
0.2021070659019961
0.20206613068906956
0.20243992273551367
0.2025561416072218
0.20197863694409016
0.20169178520323233
0.2020562117014138
0.2019568144742592
0.20211852969059635
0.2020758319803425
0.20186038882002952
0.20220189179239922
0.2025757312138815
0.2020402776795522
0.20200908128088474
0.2015600018717132
0.20239363593841347
0.20232342121021177
0.20187911910118625
0.2016239392859187
0.20141006149097457
0.20168663214232072
0.2017999127452657
0.20120555131679135
0.2025020386804677
0.2017970764537851
0.2025780670290914
0.20229236417688576
0.2026477497109723
0.20197025065615176
0.20230281846803155
0.20229953786794197
0.2032197194806354
0.2019430978819654
0.20210990925269198
0.2019925361929998
0.20266455944810538
0.2016177092281593
0.20168707566774152
0.20148140580968232
0.2024921705999589
0.20088908940773081
0.20179095427638422
0.2024112934031921
0.20215080062038357
0.20182764515123644
0.2017275857911654
0.20241182125469925
0.20195444804187965
0.2020007506388996
0.2021259511074076
0.20159466171213716
0.20194372532844804
0.20178997216419955
0.2021109233391418
0.20268271820283912
0.2027969477251214
0.2026078955791856
0.20282075941351616
0.20235313076410522
0.2023458410350615
0.20164848689994
0.20118424655105574
0.20215596595950747
0.20217937678408596
0.20215806677014736
0.20248070836288432
0.2016854624281979
0.20242930619517874
0.20193600402814976
0.20234428711007332
0.20242404320422064
0.20218521206034107
0.201249893027963
0.2014783850134631
0.2020522498226351
0.2019117102121109
0.20234039425223457
0.20213789222614406
0.20209857053845554
0.2017075463037759
0.20259553496225002
0.20247892990767094
0.2020036643157106
0.20332730577860783
0.2020767273707847
0.2016045621860631
0.20199040504297316
0.20198165353445174
0.20213971254196378
0.20224040770021168
0.2016949288548025
0.20199702958904697
0.20189693437227405
0.202267962626702
0.20228760660171774
0.2032991219026195
0.20186117721264413
0.20212185556281745
0.20237108132794823
0.20196927783239013
0.20213434759376342
0.2021567151568481
0.20181060703469295
0.20225073965624107
0.2022386944273183
0.20187458834109764
0.2019744230716596
0.20169178412141794
0.20279071411433286
0.20149106888980434
0.20231932216736526
0.20187487306087312
0.20157827228105682
0.202957636949654
0.20199262940452692
0.20145156631442585
0.2021650366234277
0.2025124326214779
0.20191846153400242
0.20216414228794327
0.20216333043012338
0.20192530328913186
0.2027570599027758
0.20266888177120568
0.20226401718437664
0.20218417103186734
0.201942038217717
0.20255585602220985
0.20250165817731816
0.20241407701048597
0.20183799750746745
0.20171818774220968
0.2018580854871838
0.20247916847812314
0.20125070720637614
0.20150150466916675
0.2021850284158577
0.2020001934946776
0.2024357999951174
0.20211049459104852
0.20202843348586488
0.20224075518050974
0.20173887704976226
0.20224296872606476
0.20150856263409353
0.20281881781509084
0.20215727932566593
0.20279032946404107
0.20276330844656545
0.2014473784800234
0.2024843684370001
0.2015911231476673
0.2027967285691734
0.20186544641339968
0.20200313769996858
0.20213396645492698
0.20144765979658005
0.20176841873400642
0.2024317794004967
0.202024515267546
0.2024834809947248
0.2023794573533145
0.20221734902365512
0.20157849295014751
0.2018489259296423
0.2022646626911295
0.20242910650515872
0.20163147827649042
0.2020834785252734
0.20209387566187562
0.20260759938553133
0.20165665358700535
0.201825609694191
0.20226271065233573
0.20157399618128424
0.20254088646705498
0.20235895604667348
0.20272192065052874
0.2020938077914374
0.20195620792078184
0.20193851717963876
0.20228451201484027
0.20176593620670225
0.2026315110488149
0.20221582039107344
0.20216970759891528
0.2024709320647827
0.20226945717896375
0.20269544755018287
0.2015516358172551
0.20195416532373398
0.201544163073149
0.20141077460487683
0.20206633446088165
0.20270664710412717
0.20181063285638878
0.2020485651499562
