0.25044849999999996
0.25016749879604744
0.24970965087223554
0.24993263684736333
0.24524142943995958
0.2355702324943159
0.22105284893598423
0.20336423026661066
0.18235926234722716
0.15666476850139482
0.13267738379292981
0.10904987614394422
0.0940103219757199
0.0795968253663743
0.07146605815597047
0.06413636057289833
0.05800434218414682
0.055482373181085995
0.05333317695085509
0.04999816945913427
0.04951136035425012
0.04637795153952891
0.04491206000685175
0.04398504701215756
0.042347388529274596
0.04072724511948725
0.0397049065226171
0.038479213570703774
0.03866821060552926
0.0381750949101753
0.03716000058864316
0.03579491008340738
0.03548862612227098
0.035915407660073916
0.033854806387757466
0.03411369502500733
0.033705738622358546
0.03272383296888191
0.030785598707485592
0.03027537540576112
0.031417983064798184
0.03086717216208943
0.029845068823891662
0.028337242132803437
0.029912819203334308
0.02956870358794429
0.02773695040807035
0.027141783910993714
0.028102859349469683
0.02655591485558963
0.026913114231216725
0.025482609493333072
0.015184251756611361
0.014336855275603484
0.012539483240056581
0.012665713653990364
0.012260359826478169
0.012858307424757466
0.011454872364407733
0.011643258113429023
0.011898128040768603
0.01133016675340825
0.011373413181823415
0.010823176128986731
0.01077544137254809
0.010512324120682419
0.010713054021132451
0.010639215568285915
0.010227682128168096
0.01013438443475644
0.010193562732682283
0.010679840075631941
0.010584732233027583
0.010642992808018469
0.010191709303161451
0.009705339873264177
0.010228974917825838
0.010072805988926741
0.01017846410299452
0.010216255984991375
0.009841805663720456
0.010087582879682285
0.010144208435277368
0.01010553890826739
0.010308697091262127
0.01005785605885664
0.009947860727815694
0.010077624712313963
0.00971932753699545
0.010232481595997107
0.010293648237719794
0.009874853944761708
0.010006079204894158
0.009843215983990818
0.01033376985004528
0.009673747769421513
0.009617733901771043
0.00954209505180224
0.009883189533328325
0.009430237653882713
0.009419549628312408
0.009616646752420736
0.009387864116476739
0.00981515114232574
0.009665136217424371
0.009863931122603059
0.00945569100402736
0.009378076702715427
0.009635641337154787
0.010135856938267677
0.009461352783235571
0.00983012763332879
0.009614830546559743
0.009777397385896539
0.010207967701331488
0.009431727046682659
0.01012920830902137
0.009403953260896396
0.009343243791801884
0.009595065710822349
0.009713131937523075
0.009520846100467259
0.009284948481939895
0.009294021612670957
0.009869702334110428
0.009561621911198708
0.009620053918741015
0.009562939514458796
0.009733735478914745
0.009519125457010431
0.009637350847526378
0.009483319366416654
0.009150965063539171
0.009188122840401913
0.00930851599824573
0.00955145348905468
0.008942295485673806
0.009350226080450942
0.009529285305363034
0.009008406968367124
0.009317117241797325
0.009307435440032518
0.009335699904153321
0.00905070517381666
0.008980353930758316
0.009602513619232167
0.009368300486687863
0.009108340395199303
0.009531865899617903
0.009203900618671424
0.009742361435928597
0.009239341198170927
0.009334322248966851
0.009225201272201241
0.009352473237609106
0.009302019951672631
0.008925170373243191
0.009109109473232289
0.008895100139545156
0.009267812905291958
0.00889137322845178
0.008676814036778788
0.00957690847474734
0.009040287159457747
0.009385198294322088
0.009364571786365771
0.008674772143454494
0.008947371397824972
0.008495991353193068
0.008878052050900458
0.008972208885162597
0.008929015164862537
0.008727300446353259
0.008948986675738142
0.00903582158177197
0.009313858451076384
0.009181851998327918
0.0090051767173339
0.00921021125666371
0.0090273099912574
0.008694649959340712
0.008606496699995567
0.008758030543273452
0.008945098576347852
0.008847802022128877
0.009016907586140557
0.009168470502666613
0.009086546563951954
0.009159239165598512
0.009069159850288572
0.00888844727116282
0.00904801352087984
0.009255606869244273
0.0089206093247099
0.009147308789413349
0.009033338839321661
0.008845809764357906
0.008815163086775565
0.008801607018582904
0.00895598470603189
0.009045728336907272
0.008604676391374298
0.009132429010378265
0.008802396073421263
0.009212731565463254
0.00851729225061206
0.00873882487598184
0.008978590889851869
0.008708474100456184
0.008856296910429457
0.008757591659683414
0.008942480209490155
0.008829936263084225
0.008906061175989048
0.008942253715481683
0.009087956878789724
0.009180541806827484
0.008723075786095769
0.008490235665918094
0.008498448087368824
0.009155947084750274
0.008973448586201081
0.008799098931688426
0.00946588660472675
0.008964351823702543
0.008980259768153451
0.008702132444495475
0.00908960532139401
0.008935871471188291
0.009058610918924865
0.008737449744653951
0.008989112083771095
0.008853932374661887
0.009184410126357852
0.008730508875160975
0.008593351759921286
0.009223146566462335
0.008746446492838471
0.00866034090123224
0.009083949340541731
0.00866955907983805
0.008835698275134961
0.008748836401042953
0.008949723729309127
0.009050089907795293
0.008416784641892366
0.00899906619471893
0.009066009497611528
0.008703510201545007
0.008971874978691431
0.008857528023945281
0.008758332502613994
0.009120140859741112
0.008880132730638306
0.009179088766185775
0.008635546277866626
0.008450249661693932
0.008614807943321236
0.008740400397695993
0.008731300589187457
0.00888387044723439
0.00863497255578451
0.008727817894201928
0.008736511549295198
0.008383434802753206
0.008899816031640863
0.008598389453866016
0.008827847008615436
0.008990737488565832
0.008603356268258339
0.008685623938339694
0.008666017252846752
0.008818382688377972
0.008462490941745726
0.008656180433734862
0.008476584658530538
0.0085583459872745
0.009152456920232806
0.008856671551489267
0.00865224505975017
0.008637411852766114
0.00828017558065535
0.008817138817531526
0.008641103497906005
0.00897077979729565
0.008916966293099265
0.008593786324066459
0.00844039297468445
0.008657442661712063
0.008580055156548758
0.008782824765835301
0.008801788597428153
0.008604528536197071
0.008536371791112017
0.008844967576508756
0.008533655578321982
0.008748215762985831
0.00864253355038624
0.00912940350474649
0.008623688794469252
0.009012293133834582
0.008785728452340128
0.008678050682837966
0.008706787953076918
0.008727170829269966
0.008578832792042001
0.00882331500310414
0.008604029644607984
0.009010135508909162
0.008693689886871579
0.008638837184477213
0.008660462856126878
0.008642297254993974
0.008484795037371231
0.008172144052295126
0.00891974278642132
0.008615442035096232
0.008758466397152002
0.00876923749090839
0.008744078820147843
0.008356589475624279
0.008385285110910615
0.00839888167499948
0.008963886948266149
0.00866866545559048
0.008872416617363559
0.008266144193976055
0.00865601458579466
0.0085095061173174
0.008667905249430887
0.008582371150073945
0.008541865473758747
0.008442730524251731
0.008533579117522087
0.008529061490170424
0.00873768678916488
0.008723585045316817
0.008770232984987872
0.008559588329274904
0.008813501214976337
0.0084011607408484
0.008749880211342636
0.008902850511327148
0.008552296398575887
0.00859999331754203
0.009006812821940413
0.008333869441124958
0.008733016665400207
0.00850666720093256
0.008827228171755743
0.008513964663312923
0.008640883839877498
0.008632978785779108
0.008960708854456894
0.008582522420070201
0.008762576830030002
0.009043785207954281
0.008530787610158243
0.008848450372491944
0.008651351198805944
0.008781322608121762
0.008602231058502038
0.008910915915015085
0.008601101132569402
0.00835595653490951
0.008783458021016766
0.008338805818939378
0.008548653441060436
0.0086963120975392
0.00896141523625724
0.008584619550084818
0.009150475779299635
0.008587049632217774
0.008695100935299953
0.008383537514016808
0.008650863284386993
0.008506634104412351
0.008565629771206318
0.008675292015708052
0.008916186017972769
0.008592553635312498
0.008714551409216316
0.008642442740746846
0.008357842642056962
0.008514662640543702
0.008829426659823112
0.008400118705814792
0.008487164128497404
0.008859880108829219
0.00812003047564423
0.008745320765016705
0.008079614518980191
0.00860900713017623
0.008753631478353799
0.008325434285879514
0.008814358346973751
0.008714829982247142
0.008407246846661186
0.008915258972080982
0.008526429033070907
0.008483905002645195
0.008457397655820806
0.008478235482397838
0.008638169477369008
0.008422329809818888
0.008555455251242435
0.008622524133718938
0.008651938433928039
0.008577767549704709
0.008640118920856848
0.008694476814194826
0.008711771422583066
0.008766030708013994
0.00826677493777702
0.008619772257612944
0.008959054181072878
0.008566981416522209
0.008666960559740726
0.008936224790187056
0.008659627797233468
0.008812535226081327
0.008550051903114251
0.00882635374201745
0.00878281401251553
0.008672313181735874
0.008695063810394796
0.008619120217050646
0.00854674660455595
0.008547488603051035
0.008290913301046376
0.008077616323858788
0.008622205036818703
0.008466033244929387
0.008615689366088706
0.008893497156732683
0.008577936421676282
0.008578310272609578
0.008760051000721927
0.008570336554907756
0.0086068656567043
0.008778862807910553
0.008707954622225865
0.008819298879212175
0.008587754506136134
0.008697138746663901
0.008687361438453512
0.008690352228311916
0.00876123311695108
0.00877423626585912
0.008607233179459932
0.008538870872122855
0.008649772299997676
0.0087259614551995
0.008964705720035979
0.008520930403598918
0.008395456142885454
0.008507227759225681
0.008649636822700878
0.008911570314466117
0.008537882039374506
0.008628097759076003
0.008454151452506614
0.008707283898351006
0.008577867318671778
0.008955427017637907
0.008604096747652817
0.008772190547132104
0.008503376747280886
0.008334533873949708
0.008454770849301206
0.008658427054226443
0.008699202514405114
0.009058086311994012
0.008469132950687523
0.008321563173249395
0.008594386716536796
0.008473931522580344
0.008741616921634682
0.008746952562617406
0.008677191725708305
0.008579062023438413
0.008582995006621567
0.008867482033769136
0.008294842974029238
0.008572726338975812
0.008435585786811911
0.00838011982119105
0.00873038311680495
0.008777021517704235
0.008533420880091428
0.008526134055584545
0.00906820647002779
0.008692789403299284
0.008540812267326527
0.008564520011121473
0.008534600488717282
0.008649314280146196
0.008480549246175285
0.008776695891059023
0.008766387109034872
0.008453332685831627
0.008781823754529638
0.008178123385112158
0.008558273193521851
0.008214445943369977
0.008674261442105093
0.008792257563044907
0.008361927540387039
0.008582554978244448
0.00870476783455957
0.008367063591030273
0.008729730360721631
0.008548104243166104
0.008241169554356243
0.008354706726716375
0.008657757768372645
0.00844180073631655
0.008913192772388298
0.008331581050484795
0.008800696669100452
0.008547371220606054
0.00875030337346165
0.008533519863964327
0.008274696566531708
0.008519023589008188
0.008575163938736105
0.008280416629856686
0.008311091611500643
0.008986530174990895
0.008540663038624042
0.008577485544588733
0.008699894062351702
0.00871865318579062
0.008437763419879615
0.008847132219150202
0.008708991433324532
0.008312555286768206
0.008481231199745469
0.008672536279011784
0.008692236894066476
0.008284069401848504
0.008353525162460535
0.008269994170118904
0.008849228868327704
0.00870514950584839
0.009007096320824061
0.008749417588653344
0.008550729046430157
0.008521934810794355
0.00871721386061402
0.008757650499313197
0.008657047295024206
0.008878076131085325
0.009022675758504795
0.00828695867987979
0.008534026486334495
0.008632445846882863
0.008659889382227014
0.008490812094653442
0.008738899516843885
0.008587862814766528
0.008584972541821936
0.00861350690211469
0.008497220401135548
0.008659730164901206
0.008885867415554622
0.009067738951906452
0.008588572675780046
0.008688585215287007
0.008656329886944796
0.008687319351515111
0.00843443614992041
0.008256364060176543
0.0086769439742823
0.008703596265551023
0.008492772350677491
0.008636923401454175
0.0088665550265083
0.008493524232491532
0.008581052953549896
0.008367616819106506
0.008583842417610206
0.008792840552553555
0.0087908359183071
0.008991019486389416
0.008399342648882261
0.008060307342615985
0.008501510684097723
0.0085725696891303
0.008684319649478496
0.008406090294796574
0.008458201975936254
0.008592701467659194
0.008308231579939018
0.00817393447718759
0.008298849483547472
0.00855937689594164
0.008700195283771509
0.008629181826894462
0.008552582018165193
0.008751516642765694
0.008487201790856993
0.008786026988996392
0.008272792983862815
0.008568127525975333
0.008279442887590445
0.008512077328043372
0.00836555417231296
0.00875017436194711
0.00824713637904803
0.008994773170514189
0.008675237691530025
0.008572368860436405
0.008680724317542304
0.008740230889658375
0.008270409260749035
0.008258280074969279
0.008704872065096373
0.008723173588480994
0.008838458094215044
0.00852542836366969
0.009089332617422527
0.008598390677523542
0.008640412544030269
0.008871706615439423
0.008778479435378567
0.008789931257543949
0.00826047264675904
0.008642759549800838
0.008573877505812753
0.00890419760520092
0.008714316840787684
0.008620678852384189
0.00828696226045362
0.008608489687496425
0.00865112835431201
0.008462415766747921
0.008223607163625416
0.008670079524573056
0.008301748680775638
0.008850108339239314
0.0083436831417824
0.008570278469059773
0.008665964654761805
0.008784173954520308
0.008752664173440824
0.008756193231062873
0.008706051406008577
0.008595817703915853
0.008797804463856706
0.00861210657829882
0.008585517968028283
0.008510687654574738
0.008373839132776967
0.008521865617412847
0.00893402748235149
0.008585045096635815
0.008557540072383501
0.008272318546696068
0.008975759891175585
0.008687161789100901
0.008517789497680337
0.008629374242836978
0.008786107150285268
0.008572621147850974
0.008644029166226051
0.008191112434474691
0.008520481000576348
0.008179265982547361
0.008339742112984242
0.008671167810271227
0.008748753813955828
0.008480933137060115
0.008576113868342663
0.008355623274355555
0.008795219576202799
0.00871204306698936
0.008431450505922465
0.008634393326580532
0.008430202283232803
0.008497660370780695
0.008534503011958463
0.008744761730655188
0.00877011646964046
0.008533483442692093
0.00849421795872722
0.008707972397030599
0.008585177516641408
0.00863283741860074
0.00841295987987683
0.008512112491622979
0.008805334322054584
0.008828137674910108
0.00834146597957902
0.008489397027840469
0.008800382131732145
0.008983829084450938
0.008215216011617921
0.008622832362896926
0.008695931724209986
0.008683807557574565
0.008854802323506527
0.008693997527262404
0.00881535230689857
0.008878312269731247
0.008566935594706438
0.008656423184417686
0.008568440503778967
0.008719576799829008
0.008866372852309111
0.008902529577529895
0.008455886387340404
0.008527148412249538
0.00833626482457059
0.008707991594275166
0.00866444883387452
0.008633103058343892
0.008735411807237543
0.008822141272490803
0.008432369793517544
0.008717515452104044
0.008474062412272616
0.00840857713685639
0.008703320807433426
0.008543525269694267
0.008739333627239788
0.008882954611767269
0.008815526231010921
0.008463017198048196
0.00849293206980511
0.00903754318728912
0.008728449170599886
0.008545085304733606
0.008390756563494294
0.009039037611490067
0.0086620771139972
0.008221705433519777
0.008336650613901828
0.008723956737817555
0.008412973621525387
0.008539644358411891
0.008387930809050625
0.008511653585400188
0.008724298597402827
0.008881217682341718
0.008750677223721682
0.008458608000204659
0.008849727597150032
0.008565923800114192
0.008404562555376196
0.00868103263400791
0.008483214561747235
0.008659605592620074
0.008775730857687817
0.008557147868037589
0.008940580826908816
0.008491306752006095
0.008679573643695983
0.008502800097291534
0.008454250235877153
0.008858059475003633
0.008558556635358186
0.008566941184823025
0.008576084186775083
0.00836459168592948
0.008458320331781366
0.008398446447820111
0.008493445182036274
0.008519248838233271
0.008635479286593067
0.008700569506465462
0.008937279747637542
0.008404783947701545
0.008788691761454337
0.00862707978898121
0.0091080002133659
0.008735031033545261
0.008480909510852942
0.00890317233521684
0.008740463535833005
0.008623716849558972
0.008706599600626306
0.008448157433946857
0.00825443792063136
0.008558634915191422
0.008628474456540781
0.00848336836194745
0.008663519305846445
0.008879579080666979
0.00837211238119397
0.008734234514404735
0.00877441125480665
0.008421534310185613
0.008249550713994452
0.008190680588309988
0.008710705702572371
0.008277994497314034
0.008307657491830586
0.00848589666070982
0.008761194296136544
0.008410409670773106
0.008828600354442185
0.008416508923894436
0.008705642752100486
0.008883994860429257
0.00900384899472995
0.008119158140921144
0.008696565262596623
0.008645464686349707
0.008299103264724397
0.008668182064059548
0.008755015961690782
0.00853581956895808
0.008857510927727418
0.008976573142346296
0.008814320389815571
0.008523724680831193
0.008397715786795634
0.008211075517567291
0.008239147259957284
0.008336808843325806
0.008577238407788852
0.00877236908304515
0.008618778960035083
0.008657785101740135
0.008538547697854483
0.008877140759034938
0.008805700863956439
0.008693057993454231
0.008624072441070997
0.008782070627826526
0.008550109538818754
0.008436973272103786
0.00861226992353637
0.008543526336089234
0.008658627433291738
0.008759785623605566
0.00870720601923276
0.008215849740479574
0.008678613229994667
0.008606168445726526
0.008682012793495309
0.00855863232700797
0.008783542855009308
0.008685820901699145
0.008617534807548564
0.00887743908750059
0.008613569057085888
0.00901284252604548
0.008975376113633408
0.008681371924581948
0.008412983675121125
0.008656704354222276
0.008518680651047814
0.008498870502509678
0.008387679098689536
0.008714516311185685
0.008801017776171295
0.008730928279635864
0.008663524941874397
0.008690165043584436
0.008901803595825385
0.008542204349836968
0.00875171822060663
0.008811923112846627
0.008447121977201556
0.008127270716415103
0.008403031338845028
0.008623441038337135
0.008452249085448883
0.008665537002142929
0.008371824818238477
0.008988269553034077
0.008677927684969621
0.008710646110057584
0.008437689782665608
0.008696569745078953
0.008617780333186432
0.008806606938503568
0.00857685075310577
0.008603536438954175
0.008497424052385648
0.008548353720820813
0.008846921533594027
0.008748724482438873
0.008709006357934456
0.008872751338903681
0.00874968818461116
0.008617857574028534
0.00878000696425481
0.008673281298045172
0.008559600605235607
0.008476769688426332
0.00849782093896545
0.008459846182752225
0.008764416572830178
0.008440183584151998
0.008875490934381584
0.008958203901197918
0.008632348962379075
0.009102058483171565
0.00843538004009284
0.008527582458626047
0.009046078073496278
0.008464689177533069
0.008514397389617456
0.008629811539557436
0.008761133921892268
0.008158034568204256
0.008416633935860961
0.008627298325078098
0.008618945023416468
0.008680575091253985
0.008389697450455457
0.00846379721266581
0.008420335342033106
0.008653327458633554
0.008632522934531102
0.008808661010321232
0.008944862561904373
0.008437331831466617
0.008532011983407892
0.008944669735579896
0.008359446518718535
0.008530587141708958
0.008421569026593244
0.008749691362536933
0.008925691305012133
0.008651703114907004
0.00858040033292229
0.008416594401866638
0.008604276727835914
0.008546444796785773
0.008490824917145553
0.008755334299365071
0.008565982390446975
0.008480143399727757
0.008450800353568773
0.008443750033210568
0.00863799749113957
0.00805259743318734
0.008325038064387981
0.008534753798592122
0.008553562100518332
0.008538183715090903
0.00848713976216218
0.008493049620555793
0.00836331742922921
0.008301092190752219
0.008732678314353093
0.008648587210090203
0.008576577374414678
0.008575309664659614
0.008388209402215996
0.00905300917566338
0.00836167262931304
0.008400567511531983
0.008369806431668417
0.008767014012246251
0.008668087234507328
0.00841541283044685
0.008222029560469173
0.008510134534360616
0.008514861915409445
0.008756125622222811
0.008308867359367993
0.008374595390184352
0.008505651753498298
0.008429243832998432
0.008856615651507766
0.00825134305298511
0.008620873536467474
0.008447945728877007
0.008338421412242537
0.008608965372312944
0.008520162959581306
0.00873525517421635
0.008574522647784289
0.008554516283681195
0.008935704900967508
0.008647458261373198
0.00913742254354164
0.008497798162508025
0.008772010985193028
0.00817747009823882
0.008620782180792874
0.008596093094260512
0.008419786272806188
0.008791824952798849
0.00875858910504264
0.008643801638948588
0.008587439964785103
0.00826307892984057
0.008376830538067183
0.008521250209211633
0.008408794489612672
0.008826062507423746
0.008416717028247861
0.008218924731089127
0.00846987597446312
0.008317862140641431
0.00866229113660375
0.008686126820080497
0.00874312626093685
0.008695995360894016
0.008502671495417337
0.008600629397091641
0.008733761274093086
0.008228168343665125
0.008435604186214096
0.009114851037307482
0.00870480293386529
0.00852271960879434
0.008226764077837387
0.008510193109131384
0.008580878822399045
0.008536899625450579
0.008803773137371065
0.008439999729373229
0.008739464213477498
0.00855359431047465
0.008389467019949
0.008353641265754672
0.008475074633598619
0.00829973456861328
0.00863788925964988
0.00872186019266869
0.008298744213944153
0.00890440863113872
0.008401864779207825
0.00841757910551103
0.008933029352472779
0.008920914232698019
0.008650423626685224
0.008332734491497016
0.008504194634093699
0.008569124187126275
0.008455290564553287
0.008380352443420164
0.00876590771053811
0.008699364474767608
0.008738337836561923
0.008520561558364679
0.008406976842335812
0.008181176786340144
0.008465355271510626
0.008970574483332616
0.008654035039382476
0.0088920834557269
0.00853993361795748
0.008654254144263018
0.008650250953250218
0.008532796184163915
0.00877541119831532
0.00874607591385338
0.008784379254517131
0.008584737773642432
0.008514417339355214
0.008747383880888259
0.008848050908279342
0.00851465861067189
0.008567482818289422
0.008866556131513471
0.008562430254866877
0.008693727798288527
0.008657322527730011
0.008400134962329333
0.00874937040070123
0.008565088187652574
0.008794113705313555
0.00869386973774
0.008626496323954312
0.008606430186339966
0.008574307793805098
0.008683725080304962
0.008432505722825702
0.008510606054806656
0.008348477746550093
0.008581581407616981
0.00840454725458769
0.008652865917283181
0.008757646910282966
0.008630033094880273
0.009124847290354449
0.008274885045429418
0.008542684217187653
0.008584447918110322
0.00885962543506699
0.008196909733945715
0.008493962688744854
0.008578428392831555
0.008379495926959942
0.008553026002300207
0.00853544435866536
0.008544921805699136
0.008772675577010124
0.008541606089463145
0.008540247961096075
0.0086643294390867
0.008833163635123703
0.008597467341046085
0.008279741064774727
0.008730091935392143
0.008743671228688
0.00862268113315552
0.008705019567864541
0.008613710942042543
0.008426884662941362
0.008596895836182145
0.008885219659710113
0.008138966540367892
0.00857488401369797
0.008361067839432624
0.008422522115858939
0.008716075158884064
0.008592451632048154
0.008690737853303336
0.00840679308363429
0.00862611757324813
0.008348274779752429
0.00877194829553759
0.008753422279922563
0.008673414002424398
0.008294235394928582
0.00861147775678832
0.008644307370738841
0.008484836782099391
0.008421753813391034
0.008610514162846592
0.008630541974503398
0.008885407204520893
0.00831716819716649
0.008752518810259022
0.008772305820072353
0.008704527886319249
0.008577234911817576
0.008559992167581324
0.009273885386467224
0.008249673445325172
0.00846262686089627
0.008546650523750721
0.008661060155444994
0.008613206994448345
0.008541150903405823
0.008828470227637226
0.00844554005186212
0.008424573931091296
0.00839733929678052
0.008520764068036648
0.008781144631907899
0.00873417366446148
0.008523468478020477
0.00844609911481407
0.008825933854882577
0.008417362391241077
0.008563920737626152
0.008218572712429177
0.008554499964443973
0.008768567080386645
0.008935218869583272
0.008733881852546636
0.00839156773435013
0.00868068800088205
0.008681084751170805
0.008797393907302057
0.00866301405913258
0.008849241995336744
0.008615349654017716
0.008856997789289186
0.008718150099547043
0.008396548621595563
0.008726572576375304
0.008684729900938657
0.008745532681397036
0.008637046857375395
0.008630398736966683
0.0083138115480875
0.008573154592330781
0.008540566611277911
0.008755705126583035
0.008423460124699373
0.008420178062880992
0.009042111319689409
0.008548072045323435
0.008675796670868492
0.008418667347274155
0.008501766879052151
0.008772017203314268
0.008770545417250676
0.008579920895311302
0.008312916525319057
0.008628823138265119
0.008634170316521375
0.008556268604618271
0.008422221079087511
0.008803159134720207
0.009186598662336587
0.00832622681544951
0.008827512227692841
0.008494289656127259
