40000.0
35122.7
30065.26
25037.12
20200.2
15964.48
12438.92
9672.54
7599.06
6132.04
5129.56
4466.62
4024.3
3719.18
3498.48
3328.88
3199.9
3086.78
2990.0
2900.46
2816.72
2733.46
2662.4
2592.32
2526.5
2462.9
2402.38
2347.06
2289.06
2233.38
2179.82
2128.94
2080.8
2034.6
1990.48
1945.7
1901.38
1858.9
1816.24
1778.1
1741.88
1705.54
1669.82
1634.72
1602.4
1570.56
1540.32
1508.76
1481.36
1454.4
1426.18
1399.92
1372.84
1368.34
1365.84
1364.56
1363.9
1363.42
1363.26
1363.18
1363.18
1363.18
1363.1
1363.06
1363.02
1362.94
1362.94
1362.9
1362.9
1362.9
1362.9
1362.9
1362.9
1362.9
1362.9
1362.9
1362.9
1362.9
1362.9
1362.9
1362.9
1362.9
1362.9
1362.9
1362.9
1362.9
1362.9
1362.9
1362.9
1362.9
1362.9
1362.9
1362.9
1362.9
1362.9
1362.9
1362.9
1362.9
1362.9
1362.9
1362.9
1362.9
1362.9
1362.9
1362.9
1362.9
1362.9
1362.9
1362.9
1362.9
1362.9
1362.9
1362.9
1362.9
1362.9
1362.9
1362.9
1362.9
1362.9
1362.9
1362.9
1362.9
1362.9
1362.9
1362.9
1362.9
1362.9
1362.9
1362.9
1362.9
1362.9
1362.9
1362.9
1362.9
1362.9
1362.9
1362.9
1362.9
1362.9
1362.9
1362.9
1362.9
1362.9
1362.9
1362.9
1362.9
1362.9
1362.9
1362.9
1362.9
1362.9
1362.9
1362.9
1362.9
1362.9
1362.9
1362.9
1362.9
1362.9
1362.9
1362.9
1362.9
1362.9
1362.9
1362.9
1362.9
1362.9
1362.9
1362.9
1362.9
1362.9
1362.9
1362.9
1362.9
1362.9
1362.9
1362.9
1362.9
1362.9
1362.9
1362.9
1362.9
1362.9
1362.9
1362.9
1362.9
1362.9
1362.9
1362.9
1362.9
1362.9
1362.9
1362.9
1362.9
1362.9
1362.9
1362.9
1362.9
1362.9
1362.9
1362.9
1362.9
1362.9
1362.9
1362.9
1362.9
1362.9
1362.9
1362.9
1362.9
1362.9
1362.9
1362.9
1362.9
1362.9
1362.9
1362.9
1362.9
1362.9
1362.9
1362.9
1362.9
1362.9
1362.9
1362.9
1362.9
1362.9
1362.9
1362.9
1362.9
1362.9
1362.9
1362.9
1362.9
1362.9
1362.9
1362.9
1362.9
1362.9
1362.9
1362.9
1362.9
1362.9
1362.9
1362.9
1362.9
1362.9
1362.9
1362.9
1362.9
1362.9
1362.9
1362.9
1362.9
1362.9
1362.9
1362.9
1362.9
1362.9
1362.9
1362.9
1362.9
1362.9
1362.9
1362.9
1362.9
1362.9
1362.9
1362.9
1362.9
1362.9
1362.9
1362.9
1362.9
1362.9
1362.9
1362.9
1362.9
1362.9
1362.9
1362.9
1362.9
1362.9
1362.9
1362.9
1362.9
1362.9
1362.9
1362.9
1362.9
1362.9
1362.9
1362.9
1362.9
1362.9
1362.9
1362.9
1362.9
1362.9
1362.9
1362.9
1362.9
1362.9
1362.9
1362.9
1362.9
1362.9
1362.9
1362.9
1362.9
1362.9
1362.9
1362.9
1362.9
1362.9
1362.9
1362.9
1362.9
1362.9
1362.9
1362.9
1362.9
1362.9
1362.9
1362.9
1362.9
1362.9
1362.9
1362.9
1362.9
1362.9
1362.9
1362.9
1362.9
1362.9
1362.9
1362.9
1362.9
1362.9
1362.9
1362.9
1362.9
1362.9
1362.9
1362.9
1362.9
1362.9
1362.9
1362.9
1362.9
1362.9
1362.9
1362.9
1362.9
1362.9
1362.9
1362.9
1362.9
1362.9
1362.9
1362.9
1362.9
1362.9
1362.9
1362.9
1362.9
1362.9
1362.9
1362.9
1362.9
1362.9
1362.9
1362.9
1362.9
1362.9
1362.9
1362.9
1362.9
1362.9
1362.9
1362.9
1362.9
1362.9
1362.9
1362.9
1362.9
1362.9
1362.9
1362.9
1362.9
1362.9
1362.9
1362.9
1362.9
1362.9
1362.9
1362.9
1362.9
1362.9
1362.9
1362.9
1362.9
1362.9
1362.9
1362.9
1362.9
1362.9
1362.9
1362.9
1362.9
1362.9
1362.9
1362.9
1362.9
1362.9
1362.9
1362.9
1362.9
1362.9
1362.9
1362.9
1362.9
1362.9
1362.9
1362.9
1362.9
1362.9
1362.9
1362.9
1362.9
1362.9
1362.9
1362.9
1362.9
1362.9
1362.9
1362.9
1362.9
1362.9
1362.9
1362.9
1362.9
1362.9
1362.9
1362.9
1362.9
1362.9
1362.9
1362.9
1362.9
1362.9
1362.9
1362.9
1362.9
1362.9
1362.9
1362.9
1362.9
1362.9
1362.9
1362.9
1362.9
1362.9
1362.9
1362.9
1362.9
1362.9
1362.9
1362.9
1362.9
1362.9
1362.9
1362.9
1362.9
1362.9
1362.9
1362.9
1362.9
1362.9
1362.9
1362.9
1362.9
1362.9
1362.9
1362.9
1362.9
1362.9
1362.9
1362.9
1362.9
1362.9
1362.9
1362.9
1362.9
1362.9
1362.9
1362.9
1362.9
1362.9
1362.9
1362.9
1362.9
1362.9
1362.9
1362.9
1362.9
1362.9
1362.9
1362.9
1362.9
1362.9
1362.9
1362.9
1362.9
1362.9
1362.9
1362.9
1362.9
1362.9
1362.9
1362.9
1362.9
1362.9
1362.9
1362.9
1362.9
1362.9
1362.9
1362.9
1362.9
1362.9
1362.9
1362.9
1362.9
1362.9
1362.9
1362.9
1362.9
1362.9
1362.9
1362.9
1362.9
1362.9
1362.9
1362.9
1362.9
1362.9
1362.9
1362.9
1362.9
1362.9
1362.9
1362.9
1362.9
1362.9
1362.9
1362.9
1362.9
1362.9
1362.9
1362.9
1362.9
1362.9
1362.9
1362.9
1362.9
1362.9
1362.9
1362.9
1362.9
1362.9
1362.9
1362.9
1362.9
1362.9
1362.9
1362.9
1362.9
1362.9
1362.9
1362.9
1362.9
1362.9
1362.9
1362.9
1362.9
1362.9
1362.9
1362.9
1362.9
1362.9
1362.9
1362.9
1362.9
1362.9
1362.9
1362.9
1362.9
1362.9
1362.9
1362.9
1362.9
1362.9
1362.9
1362.9
1362.9
1362.9
1362.9
1362.9
1362.9
1362.9
1362.9
1362.9
1362.9
1362.9
1362.9
1362.9
1362.9
1362.9
1362.9
1362.9
1362.9
1362.9
1362.9
1362.9
1362.9
1362.9
1362.9
1362.9
1362.9
1362.9
1362.9
1362.9
1362.9
1362.9
1362.9
1362.9
1362.9
1362.9
1362.9
1362.9
1362.9
1362.9
1362.9
1362.9
1362.9
1362.9
1362.9
1362.9
1362.9
1362.9
1362.9
1362.9
1362.9
1362.9
1362.9
1362.9
1362.9
1362.9
1362.9
1362.9
1362.9
1362.9
1362.9
1362.9
1362.9
1362.9
1362.9
1362.9
1362.9
1362.9
1362.9
1362.9
1362.9
1362.9
1362.9
1362.9
1362.9
1362.9
1362.9
1362.9
1362.9
1362.9
1362.9
1362.9
1362.9
1362.9
1362.9
1362.9
1362.9
1362.9
1362.9
1362.9
1362.9
1362.9
1362.9
1362.9
1362.9
1362.9
1362.9
1362.9
1362.9
1362.9
1362.9
1362.9
1362.9
1362.9
1362.9
1362.9
1362.9
1362.9
1362.9
1362.9
1362.9
1362.9
1362.9
1362.9
1362.9
1362.9
1362.9
1362.9
1362.9
1362.9
1362.9
1362.9
1362.9
1362.9
1362.9
1362.9
1362.9
1362.9
1362.9
1362.9
1362.9
1362.9
1362.9
1362.9
1362.9
1362.9
1362.9
1362.9
1362.9
1362.9
1362.9
1362.9
1362.9
1362.9
1362.9
1362.9
1362.9
1362.9
1362.9
1362.9
1362.9
1362.9
1362.9
1362.9
1362.9
1362.9
1362.9
1362.9
1362.9
1362.9
1362.9
1362.9
1362.9
1362.9
1362.9
1362.9
1362.9
1362.9
1362.9
1362.9
1362.9
1362.9
1362.9
1362.9
1362.9
1362.9
1362.9
1362.9
1362.9
1362.9
1362.9
1362.9
1362.9
1362.9
1362.9
1362.9
1362.9
1362.9
1362.9
1362.9
1362.9
1362.9
1362.9
1362.9
1362.9
1362.9
1362.9
1362.9
1362.9
1362.9
1362.9
1362.9
1362.9
1362.9
1362.9
1362.9
1362.9
1362.9
1362.9
1362.9
1362.9
1362.9
1362.9
1362.9
1362.9
1362.9
1362.9
1362.9
1362.9
1362.9
1362.9
1362.9
1362.9
1362.9
1362.9
1362.9
1362.9
1362.9
1362.9
1362.9
1362.9
1362.9
1362.9
1362.9
1362.9
1362.9
1362.9
1362.9
1362.9
1362.9
1362.9
1362.9
1362.9
1362.9
1362.9
1362.9
1362.9
1362.9
1362.9
1362.9
1362.9
1362.9
1362.9
1362.9
1362.9
1362.9
1362.9
1362.9
1362.9
1362.9
1362.9
1362.9
1362.9
1362.9
1362.9
1362.9
1362.9
1362.9
1362.9
1362.9
1362.9
1362.9
1362.9
1362.9
1362.9
1362.9
1362.9
1362.9
1362.9
1362.9
1362.9
1362.9
1362.9
1362.9
1362.9
1362.9
1362.9
1362.9
1362.9
1362.9
1362.9
1362.9
1362.9
1362.9
1362.9
1362.9
1362.9
1362.9
1362.9
1362.9
1362.9
1362.9
1362.9
1362.9
1362.9
1362.9
1362.9
1362.9
1362.9
1362.9
1362.9
1362.9
1362.9
1362.9
1362.9
1362.9
1362.9
1362.9
1362.9
1362.9
1362.9
1362.9
1362.9
1362.9
1362.9
1362.9
1362.9
1362.9
1362.9
1362.9
1362.9
1362.9
1362.9
1362.9
1362.9
1362.9
1362.9
1362.9
1362.9
1362.9
1362.9
1362.9
1362.9
1362.9
1362.9
1362.9
1362.9
1362.9
1362.9
1362.9
1362.9
1362.9
1362.9
1362.9
1362.9
1362.9
1362.9
1362.9
1362.9
1362.9
1362.9
1362.9
1362.9
1362.9
1362.9
1362.9
1362.9
1362.9
1362.9
1362.9
1362.9
1362.9
1362.9
1362.9
1362.9
1362.9
1362.9
1362.9
1362.9
1362.9
1362.9
1362.9
1362.9
1362.9
1362.9
1362.9
1362.9
1362.9
1362.9
1362.9
1362.9
1362.9
1362.9
1362.9
1362.9
1362.9
1362.9
1362.9
1362.9
1362.9
1362.9
1362.9
1362.9
1362.9
1362.9
1362.9
1362.9
1362.9
1362.9
1362.9
1362.9
1362.9
1362.9
1362.9
1362.9
1362.9
1362.9
1362.9
1362.9
1362.9
1362.9
1362.9
1362.9
1362.9
1362.9
1362.9
1362.9
1362.9
1362.9
1362.9
1362.9
1362.9
1362.9
1362.9
1362.9
1362.9
1362.9
1362.9
1362.9
1362.9
1362.9
1362.9
1362.9
1362.9
1362.9
1362.9
1362.9
1362.9
1362.9
1362.9
1362.9
1362.9
1362.9
1362.9
1362.9
1362.9
1362.9
1362.9
1362.9
1362.9
1362.9
1362.9
1362.9
1362.9
1362.9
1362.9
1362.9
1362.9
1362.9
1362.9
1362.9
1362.9
1362.9
1362.9
1362.9
1362.9
1362.9
1362.9
1362.9
1362.9
1362.9
1362.9
1362.9
1362.9
1362.9
1362.9
1362.9
1362.9
1362.9
1362.9
1362.9
1362.9
1362.9
1362.9
1362.9
1362.9
1362.9
1362.9
1362.9
1362.9
1362.9
1362.9
1362.9
1362.9
1362.9
1362.9
1362.9
1362.9
1362.9
1362.9
1362.9
1362.9
1362.9
1362.9
1362.9
1362.9
1362.9
1362.9
1362.9
1362.9
1362.9
1362.9
1362.9
1362.9
1362.9
1362.9
1362.9
1362.9
1362.9
1362.9
1362.9
1362.9
1362.9
1362.9
1362.9
1362.9
1362.9
1362.9
1362.9
1362.9
1362.9
1362.9
1362.9
1362.9
1362.9
1362.9
1362.9
1362.9
1362.9
1362.9
1362.9
1362.9
1362.9
1362.9
1362.9
1362.9
1362.9
1362.9
1362.9
1362.9
1362.9
1362.9
1362.9
1362.9
1362.9
1362.9
1362.9
1362.9
1362.9
1362.9
1362.9
1362.9
1362.9
1362.9
1362.9
1362.9
1362.9
1362.9
1362.9
1362.9
1362.9
1362.9
1362.9
1362.9
1362.9
1362.9
1362.9
1362.9
1362.9
1362.9
1362.9
1362.9
1362.9
1362.9
1362.9
1362.9
1362.9
