18977.24199999975
16678.67299999954
14278.980999999561
11893.664999999664
9698.221999999807
7836.07399999993
6325.1899999999805
5126.407000000019
4235.887000000045
3619.7790000000405
3193.019000000027
2924.3610000000212
2725.270000000014
2590.9350000000136
2484.6390000000097
2400.5570000000075
2335.596000000006
2271.541000000005
2215.074000000005
2168.0490000000036
2112.713000000003
2064.1480000000024
2021.246000000002
1976.2020000000014
1933.6770000000006
1894.768000000001
1855.9390000000003
1818.2320000000016
1777.0670000000005
1739.5110000000004
1703.654
1668.432
1634.3960000000004
1600.5069999999998
1575.3949999999995
1538.6820000000005
1507.1859999999995
1480.652999999999
1452.6719999999998
1427.4379999999996
1394.1399999999994
1370.7520000000002
1347.648
1323.474
1296.1929999999995
1274.6919999999993
1254.374999999999
1231.7229999999993
1209.8419999999992
1191.615999999999
1167.5159999999994
1149.5089999999987
1183.649
1183.5619999999992
1185.1369999999997
1185.3559999999993
1185.874999999999
1185.2189999999996
1187.7659999999998
1188.0679999999998
1188.0739999999996
1188.8129999999996
1189.5279999999998
1189.9119999999994
1190.4129999999993
1190.526
1190.760999999999
1190.8609999999999
1191.8779999999997
1192.1169999999993
1192.3599999999994
1192.33
1192.1839999999997
1192.817
1192.5429999999994
1193.6429999999993
1193.5169999999994
1192.6589999999994
1193.0179999999996
1193.2519999999993
1194.2749999999994
1193.2659999999996
1193.8449999999993
1193.5649999999996
1193.369
1193.7929999999997
1194.4079999999997
1193.8539999999996
1194.0789999999997
1193.8669999999993
1194.4779999999996
1195.0209999999995
1194.3509999999999
1194.7939999999996
1193.662999999999
1194.1959999999997
1194.7889999999995
1194.8069999999993
1194.3469999999993
1195.2379999999991
1195.2669999999998
1194.2379999999994
1195.5649999999996
1194.8279999999997
1194.9789999999996
1194.879
1195.6139999999994
1195.5309999999997
1195.358
1194.5129999999992
1195.1329999999996
1195.1469999999993
1194.8239999999996
1195.1719999999993
1194.2809999999997
1196.0609999999992
1195.0269999999991
1195.5870000000004
1195.485
1194.9529999999995
1195.5779999999997
1196.0329999999992
1196.2629999999992
1196.3329999999992
1194.9619999999993
1195.5409999999993
1195.5829999999994
1195.4989999999993
1194.721
1195.6499999999994
1195.5670000000002
1195.5099999999993
1196.4089999999994
1195.862999999999
1196.5640000000003
1195.8869999999993
1196.6679999999997
1196.168999999999
1195.9819999999997
1196.3149999999994
1195.6839999999993
1195.8460000000005
1196.5519999999995
1196.4199999999992
1196.5249999999994
1195.3679999999995
1196.0420000000004
1196.8089999999995
1195.6959999999997
1196.8319999999997
1195.9929999999993
1196.3029999999997
1196.7279999999998
1196.3959999999993
1196.3549999999989
1196.4669999999996
1197.139
1196.5289999999995
1197.2649999999994
1196.5569999999993
1197.1789999999999
1197.3489999999995
1195.7359999999996
1196.9589999999992
1196.2809999999988
1196.7699999999998
1197.4859999999994
1197.0439999999994
1198.1319999999994
1197.0909999999997
1197.1709999999996
1196.9669999999996
1196.9429999999995
1196.973999999999
1196.8439999999996
1196.2379999999998
1196.8249999999996
1196.6009999999992
1196.941999999999
1197.5030000000004
1197.5469999999991
1197.4119999999994
1197.2989999999998
1197.4379999999996
1197.4829999999993
1197.049999999999
1197.1749999999995
1196.6509999999996
1196.8029999999997
1197.583
1196.9219999999993
1196.9969999999996
1196.688
1197.1959999999992
1196.4429999999993
1197.0279999999993
1197.6949999999995
1197.0769999999998
1197.7439999999995
1197.8469999999993
1196.8629999999994
1197.3259999999993
1197.6489999999994
1197.3819999999994
1197.3609999999994
1197.9429999999995
1197.6789999999994
1196.9229999999995
1198.1079999999995
1198.1249999999995
1197.686999999999
1197.29
1197.6049999999993
1197.8049999999994
1197.5609999999997
1197.1699999999994
1197.8859999999993
1197.4579999999996
1198.0599999999997
1198.0479999999998
1197.0129999999992
1197.3909999999994
1197.9259999999995
1197.1339999999993
1197.2879999999993
1197.4510000000002
1198.4309999999996
1196.7929999999997
1197.6489999999992
1197.1169999999993
1197.9199999999998
1198.0599999999995
1198.1099999999997
1197.4969999999996
1198.061
1198.7119999999995
1197.6809999999996
1198.6329999999998
1198.1829999999995
1197.1769999999995
1198.0639999999992
1198.1849999999995
1198.1219999999992
1197.5300000000002
1197.6779999999997
1198.8819999999998
1198.3110000000001
1198.3199999999997
1198.2239999999993
1197.8269999999998
1197.8590000000002
1198.2939999999994
1197.8959999999997
1197.7889999999998
1197.9079999999992
1198.5909999999997
1199.1169999999997
1198.7449999999994
1198.8979999999997
1198.7680000000003
1197.9099999999996
1198.5509999999997
1198.6749999999995
1198.7519999999995
1199.5579999999998
1198.4989999999991
1198.9539999999993
1198.2999999999997
1197.7239999999997
1198.5999999999997
1199.0009999999993
1198.3879999999997
1198.4119999999994
1199.072
1198.7219999999993
1198.7249999999995
1199.1589999999994
1197.9519999999998
1198.4489999999992
1199.166999999999
1198.899
1198.6239999999996
1198.4229999999995
1198.9049999999995
1198.6979999999996
1197.741999999999
1199.2139999999997
1198.8439999999998
1198.7889999999995
1198.7479999999994
1198.418999999999
1198.126
1199.126
1198.7659999999998
1198.6819999999989
1199.098
1198.976
1198.694
1198.4229999999998
1199.052999999999
1198.3749999999993
1198.5799999999992
1198.3919999999996
1198.9039999999995
1198.4769999999992
1199.0779999999995
1198.8259999999993
1198.9299999999994
1198.4359999999995
1198.9199999999992
1199.1369999999997
1199.1689999999999
1198.903
1198.3529999999994
1199.9259999999995
1198.1929999999995
1199.2619999999995
1198.8239999999987
1199.1149999999993
1198.3909999999994
1198.960999999999
1198.9419999999998
1199.1769999999995
1198.3749999999998
1198.2659999999996
1198.3609999999994
1199.269
1199.2349999999992
1198.999
1198.4819999999993
1198.779999999999
1198.8999999999999
1199.1389999999992
1198.7609999999993
1199.1529999999989
1199.3159999999998
1198.7879999999993
1199.3669999999995
1198.4489999999998
1198.7509999999993
1198.878999999999
1198.2629999999992
1198.4810000000002
1199.0099999999998
1199.3589999999992
1198.1019999999996
1199.4279999999997
1198.9989999999996
1198.885
1198.6339999999998
1198.8429999999998
1199.068
1199.3789999999997
1198.8679999999995
1199.441
1198.7389999999994
1198.1409999999998
1199.329
1198.9659999999994
1199.0019999999995
1198.8259999999998
1199.1609999999998
1198.6619999999994
1199.1119999999996
1199.6079999999995
1198.6699999999992
1199.3979999999997
1199.3089999999997
1198.874
1198.6009999999997
1198.9279999999997
1198.3259999999993
1199.154
1198.8159999999998
1199.6129999999994
1198.7640000000001
1199.1229999999996
1199.0469999999993
1198.4069999999995
1198.399999999999
1198.7429999999993
1198.549999999999
1199.2259999999994
1199.3179999999995
1198.9439999999997
1198.3319999999994
1199.5919999999996
1198.6669999999995
1198.4359999999992
1199.6209999999994
1199.1159999999988
1199.6870000000001
1198.5999999999995
1198.7869999999994
1199.5829999999999
1198.9289999999999
1198.8949999999995
1199.1809999999994
1199.2099999999996
1199.3469999999995
1199.2499999999993
1199.3129999999996
1199.0019999999993
1199.341
1199.8719999999996
1199.3749999999998
1198.7449999999997
1199.1729999999998
1198.9189999999994
1198.9489999999996
1199.1509999999992
1198.728
1198.9819999999995
1200.0079999999996
1199.1699999999996
1198.273999999999
1198.9789999999996
1199.1949999999995
1198.5489999999998
1198.9489999999994
1198.7619999999993
1199.1969999999994
1198.3249999999996
1198.8129999999999
1198.5349999999994
1198.5129999999992
1199.4599999999998
1198.7879999999998
1198.8049999999996
1199.0239999999997
1199.7619999999995
1198.6149999999998
1199.5079999999996
1199.2859999999994
1198.7829999999997
1198.7630000000004
1199.3819999999992
1198.9129999999998
1198.6749999999995
1199.3879999999992
1199.0819999999994
1198.9309999999991
1198.6779999999997
1199.2249999999992
1198.3829999999994
1198.9769999999996
1198.9729999999995
1198.8529999999998
1198.593
1199.102999999999
1199.0829999999996
1199.0179999999996
1199.164
1198.7799999999997
1199.2589999999996
1199.687
1198.9750000000001
1199.0109999999995
1198.6749999999995
1199.5469999999998
1198.9869999999999
1199.465
1198.7919999999997
1199.4799999999996
1198.4409999999996
1199.1319999999996
1198.873
1198.995
1199.5759999999996
1199.505999999999
1199.3889999999992
1199.2229999999995
1198.6999999999998
1199.1789999999996
1199.5209999999993
1199.5629999999996
1199.4640000000002
1198.9939999999997
1198.9669999999999
1199.0459999999998
1199.2889999999998
1199.1089999999995
1198.8159999999993
1199.5509999999997
1199.4080000000001
1199.3439999999994
1199.0209999999993
1198.6899999999996
1199.0439999999999
1199.1509999999994
1198.7439999999995
1198.1999999999994
1198.8759999999993
1198.9309999999991
1199.0139999999992
1199.1860000000001
1199.1999999999994
1199.0859999999996
1198.9939999999992
1199.4529999999995
1198.9999999999993
1199.0009999999995
1199.282
1199.3109999999995
1199.8309999999997
1198.9929999999995
1198.5029999999997
1199.4229999999995
1199.0379999999996
1198.858
1199.7409999999995
1198.3169999999998
1199.2449999999997
1199.2309999999995
1199.1219999999992
1199.047999999999
1199.2049999999997
1198.9739999999993
1199.4179999999994
1198.8130000000006
1198.85
1199.302
1199.2809999999997
1199.6649999999995
1198.7859999999998
1198.7649999999992
1199.3850000000002
1199.7329999999995
1198.584
1199.4459999999992
1198.9869999999996
1198.9989999999996
1199.1110000000003
1199.0689999999993
1198.6379999999997
1198.805
1199.4239999999993
1199.0390000000002
1199.6049999999998
1198.6289999999995
1199.231
1199.511999999999
1199.8959999999997
1198.1809999999998
1198.7239999999995
1199.0549999999994
1198.9499999999994
1199.2629999999997
1198.7969999999993
1199.0669999999998
1198.7619999999995
1198.8809999999996
1199.0269999999998
1198.9129999999993
1199.4779999999994
1198.8229999999994
1198.9869999999996
1198.9219999999993
1199.2059999999992
1199.1919999999993
1199.4449999999995
1198.576
1198.9669999999996
1198.9159999999993
1199.2519999999993
1198.5429999999994
1198.4949999999994
1199.3829999999996
1198.8759999999995
1198.976
1198.9769999999994
1198.9589999999996
1199.4509999999996
1199.4109999999998
1199.3329999999996
1199.063
1198.795
1198.6029999999998
1199.1929999999995
1199.2469999999998
1199.4199999999996
1198.924
1198.241
1199.1709999999998
1198.6579999999992
1199.0539999999992
1199.597
1199.1749999999995
1198.9229999999998
1199.3209999999997
1199.0119999999997
1199.7149999999995
1199.0269999999996
1199.5369999999994
1199.6709999999994
1199.2859999999994
1199.0639999999999
1198.5589999999997
1198.9319999999996
1199.5869999999989
1198.7719999999997
1199.4309999999996
1198.9779999999994
1199.7329999999995
1199.6419999999991
1199.4599999999998
1199.5409999999997
1200.0109999999993
1198.8729999999998
1199.435999999999
1198.517999999999
1199.118
1199.0209999999993
1199.3999999999992
1198.9789999999996
1199.2949999999996
1200.0589999999993
1198.3719999999992
1199.366
1199.0409999999997
1199.175999999999
1198.4209999999994
1198.7319999999993
1198.8389999999997
1199.0519999999995
1198.8389999999995
1198.7869999999994
1199.5570000000002
1199.298999999999
1199.483
1199.1369999999995
1198.8139999999992
1198.8499999999995
1199.5209999999997
1199.201
1199.6949999999993
1199.3409999999994
1199.3049999999998
1199.1799999999996
1199.5829999999996
1198.79
1199.9059999999997
1198.8729999999994
1199.2549999999994
1198.397
1199.1129999999998
1199.3389999999995
1198.9159999999997
1199.1209999999994
1198.7179999999998
1198.5690000000004
1199.1019999999992
1199.294999999999
1199.6169999999993
1199.1729999999995
1198.8279999999995
1199.4139999999993
1199.1059999999993
1199.5409999999997
1198.4959999999994
1198.5919999999994
1199.8119999999992
1198.9359999999997
1199.0859999999996
1198.8159999999998
1199.2639999999994
1199.9650000000004
1199.1999999999998
1199.1090000000004
1199.4440000000002
1198.6449999999998
1199.408
1199.3429999999996
1199.3499999999995
1199.0589999999997
1198.804
1198.8139999999999
1199.4649999999995
1199.1209999999999
1199.573
1199.0589999999997
1199.0539999999999
1199.0259999999994
1198.7759999999992
1199.4389999999994
1199.0169999999994
1199.0889999999997
1199.4159999999997
1199.4089999999997
1199.1589999999999
1198.6449999999993
1198.6589999999999
1198.6009999999997
1199.0369999999994
1199.0459999999998
1198.7179999999994
1198.4379999999996
1199.359
1199.0659999999998
1199.033999999999
1198.4009999999996
1198.2649999999999
1199.1229999999998
1198.8239999999994
1199.0579999999995
1199.0039999999997
1199.3229999999999
1199.518
1198.230999999999
1198.799
1198.576
1199.4799999999993
1199.2389999999998
1199.6859999999995
1199.014
1199.2199999999993
1198.6529999999993
1198.5889999999993
1198.8719999999996
1199.3569999999993
1198.9679999999994
1199.6269999999993
1199.384999999999
1199.0499999999995
1198.9389999999996
1198.64
1199.0229999999992
1198.7309999999995
1199.7389999999991
1198.7889999999995
1198.5389999999989
1198.91
1198.951
1199.0029999999997
1198.5649999999998
1199.1639999999993
1199.4039999999998
1199.675999999999
1199.0689999999995
1199.1809999999996
1199.2239999999997
1199.1379999999997
1199.0059999999994
1199.2799999999997
1198.7789999999995
1198.7499999999995
1198.4519999999989
1199.5959999999995
1199.1889999999994
1199.5179999999993
1198.6929999999995
1198.946999999999
1199.4089999999992
1198.5449999999996
1199.2629999999997
1198.6109999999994
1199.1599999999996
1198.9439999999995
1199.3339999999996
1198.9359999999997
1198.6049999999996
1199.3969999999995
1199.1899999999994
1199.1169999999995
1199.2099999999994
1198.91
1199.2719999999988
1199.1559999999993
1199.8369999999995
1199.2220000000002
1198.549999999999
1199.1539999999993
1199.1329999999998
1198.8309999999997
1199.1939999999993
1198.3069999999993
1199.0100000000002
1199.4419999999998
1198.5849999999998
1199.0159999999994
1199.4999999999993
1198.9259999999992
1199.4089999999997
1199.5609999999997
1199.8019999999995
1199.3739999999998
1199.5879999999993
1199.0809999999992
1198.0059999999996
1199.3269999999998
1198.8599999999997
1198.4369999999994
1199.042
1199.9569999999999
1199.8309999999997
1198.9199999999994
1199.5809999999992
1199.8709999999999
1199.017
1199.4489999999992
1199.291
1199.1619999999994
1199.1739999999988
1199.0099999999995
1198.432999999999
1198.4649999999995
1199.968
1199.0139999999994
1198.7799999999995
1199.5430000000001
1199.4569999999999
1198.9739999999997
1199.136
1198.7389999999996
1198.8219999999992
1198.7269999999994
1198.8079999999995
1199.2689999999998
1199.1309999999999
1199.2479999999994
1199.115999999999
1199.502
1198.5539999999999
1198.899
1199.0239999999992
1199.354999999999
1198.178
1198.8319999999997
1199.0629999999992
1198.960999999999
1198.6659999999997
1198.942
1199.0989999999997
1199.1499999999996
1199.7229999999995
1199.0189999999996
1198.6159999999993
1199.5139999999988
1199.7710000000002
1198.9539999999995
1199.3919999999991
1199.4829999999997
1199.384
1198.6329999999998
1198.6959999999995
1198.860999999999
1198.1979999999994
1199.0749999999998
1198.4049999999995
1197.9739999999995
1198.1739999999998
1199.4139999999993
1199.1909999999996
1199.3579999999995
1199.129
1199.5159999999992
1199.0889999999995
1198.8549999999998
1199.2999999999997
1199.4369999999997
1199.2969999999993
1198.655
1199.1769999999995
1199.139
1198.6479999999992
1199.2029999999995
1199.4569999999992
1199.2340000000002
1198.9799999999993
1199.5809999999992
1198.8899999999992
1199.1289999999997
1197.9939999999997
1199.4399999999996
1198.706
1199.5679999999995
1198.7969999999998
1199.0969999999998
1198.9249999999995
1198.8309999999997
1199.2379999999996
1199.7129999999995
1199.3329999999994
1198.6279999999997
1198.5890000000002
1199.1199999999997
1198.9729999999997
1199.0399999999993
1198.5249999999994
1198.7299999999993
1198.8519999999994
1199.0839999999998
1199.601
1199.302999999999
1199.5499999999993
1199.032
1199.4869999999996
1198.2569999999992
1198.9519999999995
1199.061999999999
1198.6399999999996
1198.8259999999996
1199.120999999999
1198.2379999999994
1199.6999999999994
1199.343
1199.3869999999995
1198.8659999999995
1199.3249999999994
1198.8969999999995
1199.2109999999996
1198.7289999999998
1198.5129999999997
1199.3399999999997
1199.0859999999996
1199.0589999999997
1199.0249999999996
1199.3119999999994
1198.7929999999997
1198.2759999999994
1199.0519999999997
1199.32
1198.5269999999991
1199.4319999999998
1198.9749999999992
1199.1089999999992
1198.8639999999991
1198.598
1198.6369999999995
1199.0359999999994
1199.254
1199.1459999999997
1199.0409999999993
1199.2239999999993
1198.5399999999995
1199.0869999999993
1199.033
1199.6119999999994
1198.8769999999995
1198.489
1199.908
1199.1159999999995
1199.168999999999
1198.6429999999993
1198.912999999999
1199.0069999999998
1198.9779999999998
1199.5179999999993
1199.6969999999997
1199.109
1199.0149999999996
1199.5949999999993
1199.1389999999994
1199.8829999999994
1198.2419999999993
1199.0339999999999
1199.091
1199.464
1199.0860000000002
1198.9399999999994
1199.3019999999995
1199.646
1199.164
1199.3389999999995
1198.9719999999993
1199.5609999999995
1199.004
1199.855
1199.5309999999995
1198.6539999999995
1199.4279999999999
1198.8289999999997
1198.9949999999992
1199.2639999999992
1199.1499999999994
1199.335999999999
1198.6939999999995
1199.2469999999996
1199.3749999999993
1198.3489999999988
1198.5509999999992
1198.562
1199.1119999999996
1198.610999999999
1199.6699999999992
1199.1569999999995
1199.0579999999993
1199.7379999999998
1198.6629999999996
1198.801
1198.9599999999998
1199.1479999999997
1199.9859999999994
1199.0959999999998
1199.1619999999994
1199.128
1198.5769999999998
1199.0929999999998
1199.3529999999998
1199.4799999999993
1199.64
1199.490999999999
1198.989999999999
1198.9259999999995
1198.7039999999993
1198.847
1199.2469999999996
1199.2139999999997
1199.580999999999
1199.4819999999995
1198.3709999999996
1198.9589999999998
1199.4789999999994
1199.5309999999997
1198.866999999999
1199.2099999999996
1199.2319999999995
1199.223999999999
1199.1259999999997
1198.7939999999994
1199.4149999999995
1199.7599999999995
1199.9299999999996
1199.6089999999992
1199.802999999999
1199.792
1198.7259999999997
1199.7059999999997
1198.3519999999994
1199.2869999999994
1199.0189999999993
1198.692
1198.5609999999995
1198.9049999999995
1198.6649999999995
1199.3179999999995
1199.291999999999
1199.3629999999998
1198.9609999999996
1199.217999999999
1199.3
1199.4229999999993
1198.9349999999997
1200.3849999999998
1199.8859999999997
1199.1169999999997
1198.6279999999992
1199.2369999999992
1198.9369999999994
1199.0009999999995
1199.1449999999995
1199.149
1199.2369999999996
1199.2909999999995
1199.0579999999995
1199.1099999999992
1199.0899999999995
1198.8169999999996
1198.4659999999994
1198.3919999999996
1198.8039999999987
1198.9569999999994
1198.4929999999995
1199.5179999999998
1199.705
1199.007
1199.4129999999996
1198.802
1198.8519999999996
1199.185
1198.7969999999996
1199.1539999999995
1198.849999999999
1198.9149999999995
1198.9199999999996
1199.8999999999992
1199.733
1199.480999999999
1199.282
1199.1809999999998
1199.057
1198.9589999999996
1199.3229999999999
1198.0539999999992
1199.2749999999992
1199.2559999999996
1198.1949999999995
1198.7349999999997
1200.0309999999995
1199.3429999999994
1199.277999999999
1199.3709999999992
1199.1109999999996
1199.4939999999997
1199.213999999999
1199.0379999999996
1199.0049999999997
1199.1159999999993
1198.1459999999993
1198.9360000000001
1199.022
1199.4759999999992
1199.075999999999
1198.9359999999992
1199.0059999999994
1199.0999999999997
1199.0379999999998
1199.1939999999997
1199.3789999999995
1198.7519999999995
1200.0359999999998
1198.6729999999995
1199.8919999999991
1199.2229999999995
1199.0469999999998
1199.464999999999
1198.4189999999992
1199.4979999999991
1199.51
1199.4549999999995
1198.5599999999993
1199.0069999999998
1198.9929999999997
1199.5549999999994
1199.204999999999
1198.5309999999993
1198.888
1199.257999999999
1199.008999999999
1199.2820000000002
1198.4469999999992
1199.1889999999999
1198.6369999999995
1199.1479999999997
1199.3399999999995
1199.397
1198.8419999999996
1198.8129999999992
1199.937
1199.3899999999999
1199.2849999999994
1198.782
1199.1150000000002
1199.1680000000001
1198.7599999999993
1199.5809999999992
1199.2399999999998
1199.8439999999998
1198.7529999999992
1198.8639999999998
1198.386
1198.6559999999995
1199.7899999999995
1198.5509999999997
1199.7509999999995
1198.7239999999993
1199.777999999999
1199.2779999999998
1198.904
1199.1849999999995
1199.1789999999999
1199.161999999999
1199.03
1198.7219999999998
1198.6059999999998
1198.9619999999993
1199.2349999999997
1199.3769999999993
1198.6009999999994
1198.75
1199.7269999999999
1198.963
1199.021
1198.5829999999992
1199.418
1199.2969999999996
1199.3979999999992
1199.5169999999996
1198.879999999999
1198.8029999999999
1198.9549999999992
1199.3129999999992
1198.6269999999993
1199.3549999999993
1198.8939999999996
1199.6409999999994
1198.8009999999997
1198.7139999999997
1198.7929999999997
1198.901999999999
1199.3829999999991
1198.649999999999
1199.475
1199.2029999999995
1199.7789999999995
1199.3319999999992
1198.2839999999999
1199.0459999999994
1199.1319999999992
1199.3759999999993
