40000.0
40000.0
40000.0
39996.0
40000.0
40000.0
40000.0
40000.0
39992.0
39996.0
39996.0
39988.0
39996.0
39992.0
39980.0
39972.0
39980.0
39980.0
39980.0
39976.0
39968.0
39976.0
39972.0
39955.0
39947.0
39955.0
39939.0
39940.0
39939.0
39934.0
39930.0
39931.0
39924.0
39929.0
39929.0
39916.0
39917.0
39914.0
39914.0
39924.0
39918.0
39921.0
39925.0
39924.0
39912.0
39913.0
39901.0
39892.0
39896.0
39899.0
39876.0
39888.0
39884.0
39881.0
39885.0
39878.0
39883.0
39881.0
39869.0
39873.0
39877.0
39864.0
39871.0
39841.0
39864.0
39860.0
39850.0
39850.0
39846.0
39856.0
39858.0
39843.0
39839.0
39837.0
39846.0
39843.0
39838.0
39844.0
39835.0
39827.0
39817.0
39804.0
39799.0
39791.0
39814.0
39809.0
39809.0
39806.0
39780.0
39787.0
39798.0
39793.0
39775.0
39776.0
39768.0
39781.0
39778.0
39763.0
39778.0
39764.0
39761.0
39745.0
39731.0
39728.0
39724.0
39719.0
39719.0
39729.0
39718.0
39709.0
39703.0
39718.0
39707.0
39702.0
39701.0
39689.0
39688.0
39680.0
39672.0
39671.0
39662.0
39656.0
39657.0
39641.0
39644.0
39649.0
39647.0
39654.0
39637.0
39641.0
39640.0
39619.0
39612.0
39623.0
39625.0
39618.0
39621.0
39613.0
39610.0
39607.0
39612.0
39606.0
39605.0
39611.0
39604.0
39602.0
39600.0
39612.0
39604.0
39583.0
39599.0
39597.0
39587.0
39593.0
39577.0
39566.0
39562.0
39570.0
39564.0
39552.0
39560.0
39546.0
39534.0
39548.0
39540.0
39519.0
39512.0
39509.0
39508.0
39508.0
39498.0
39501.0
39484.0
39484.0
39473.0
39467.0
39462.0
39457.0
39462.0
39454.0
39445.0
39434.0
39430.0
39437.0
39437.0
39425.0
39436.0
39431.0
39427.0
39416.0
39408.0
39414.0
39398.0
39409.0
39393.0
39377.0
39375.0
39367.0
39371.0
39364.0
39360.0
39356.0
39355.0
39353.0
39331.0
39341.0
39334.0
39326.0
39324.0
39328.0
39321.0
39319.0
39321.0
39313.0
39314.0
39318.0
39310.0
39301.0
39296.0
39301.0
39302.0
39287.0
39286.0
39290.0
39288.0
39279.0
39273.0
39276.0
39280.0
39267.0
39269.0
39270.0
39263.0
39261.0
39262.0
39250.0
39247.0
39249.0
39238.0
39231.0
39224.0
39223.0
39215.0
39213.0
39199.0
39212.0
39202.0
39205.0
39203.0
39200.0
39197.0
39191.0
39183.0
39181.0
39177.0
39166.0
39159.0
39165.0
39144.0
39143.0
39147.0
39138.0
39120.0
39123.0
39111.0
39085.0
39091.0
39074.0
39068.0
39070.0
39065.0
39069.0
39066.0
39065.0
39057.0
39056.0
39070.0
39055.0
39056.0
39056.0
39044.0
39050.0
39032.0
39030.0
39037.0
39031.0
39023.0
39030.0
39023.0
39019.0
39014.0
39013.0
38998.0
39000.0
39004.0
38999.0
38984.0
38985.0
38983.0
38984.0
38970.0
38975.0
38973.0
38968.0
38972.0
38964.0
38972.0
38967.0
38966.0
38962.0
38956.0
38945.0
38953.0
38938.0
38940.0
38933.0
38927.0
38926.0
38921.0
38915.0
38907.0
38904.0
38890.0
38895.0
38886.0
38887.0
38890.0
38877.0
38883.0
38881.0
38888.0
38881.0
38866.0
38876.0
38863.0
38868.0
38855.0
38847.0
38849.0
38845.0
38837.0
38837.0
38840.0
38839.0
38829.0
38832.0
38839.0
38831.0
38830.0
38833.0
38832.0
38827.0
38824.0
38809.0
38811.0
38797.0
38804.0
38794.0
38789.0
38787.0
38789.0
38785.0
38781.0
38779.0
38792.0
38788.0
38772.0
38774.0
38772.0
38770.0
38773.0
38774.0
38774.0
38769.0
38752.0
38746.0
38749.0
38752.0
38752.0
38741.0
38750.0
38748.0
38729.0
38727.0
38735.0
38720.0
38718.0
38719.0
38711.0
38712.0
38706.0
38706.0
38702.0
38708.0
38695.0
38688.0
38698.0
38697.0
38690.0
38681.0
38689.0
38682.0
38684.0
38691.0
38674.0
38683.0
38664.0
38661.0
38658.0
38650.0
38641.0
38646.0
38629.0
38631.0
38637.0
38623.0
38610.0
38605.0
38618.0
38606.0
38608.0
38601.0
38596.0
38595.0
38592.0
38595.0
38583.0
38569.0
38571.0
38575.0
38571.0
38571.0
38569.0
38554.0
38552.0
38560.0
38557.0
38549.0
38550.0
38542.0
38544.0
38534.0
38532.0
38529.0
38525.0
38527.0
38532.0
38520.0
38511.0
38505.0
38502.0
38506.0
38513.0
38505.0
38518.0
38504.0
38516.0
38502.0
38496.0
38501.0
38508.0
38496.0
38487.0
38493.0
38488.0
38482.0
38472.0
38481.0
38462.0
38466.0
38465.0
38462.0
38462.0
38452.0
38449.0
38440.0
38431.0
38438.0
38431.0
38428.0
38427.0
38425.0
38424.0
38411.0
38421.0
38400.0
38403.0
38407.0
38393.0
38390.0
38390.0
38378.0
38370.0
38363.0
38365.0
38355.0
38357.0
38335.0
38340.0
38338.0
38335.0
38334.0
38327.0
38324.0
38321.0
38317.0
38303.0
38309.0
38304.0
38299.0
38294.0
38294.0
38284.0
38290.0
38280.0
38273.0
38269.0
38266.0
38265.0
38252.0
38252.0
38253.0
38249.0
38251.0
38243.0
38248.0
38242.0
38239.0
38242.0
38244.0
38231.0
38241.0
38222.0
38212.0
38222.0
38221.0
38220.0
38218.0
38211.0
38205.0
38209.0
38201.0
38183.0
38188.0
38190.0
38163.0
38167.0
38157.0
38144.0
38139.0
38133.0
38129.0
38118.0
38103.0
38090.0
38098.0
38106.0
38092.0
38088.0
38092.0
38081.0
38085.0
38065.0
38055.0
38052.0
38047.0
38042.0
38029.0
38030.0
38022.0
38031.0
38020.0
38020.0
38010.0
38010.0
38004.0
37999.0
38004.0
38005.0
37991.0
37995.0
37992.0
37987.0
37970.0
37981.0
37976.0
37973.0
37980.0
37974.0
37972.0
37963.0
37953.0
37954.0
37943.0
37946.0
37945.0
37942.0
37941.0
37934.0
37938.0
37935.0
37936.0
37929.0
37932.0
37931.0
37938.0
37925.0
37931.0
37922.0
37922.0
37909.0
37908.0
37922.0
37922.0
37914.0
37909.0
37905.0
37897.0
37896.0
37904.0
37884.0
37898.0
37895.0
37882.0
37887.0
37890.0
37866.0
37873.0
37873.0
37866.0
37865.0
37869.0
37869.0
37872.0
37874.0
37860.0
37862.0
37856.0
37840.0
37849.0
37831.0
37840.0
37835.0
37834.0
37827.0
37815.0
37807.0
37807.0
37814.0
37823.0
37823.0
37811.0
37805.0
37804.0
37812.0
37812.0
37796.0
37799.0
37794.0
37774.0
37778.0
37773.0
37761.0
37761.0
37768.0
37753.0
37743.0
37741.0
37744.0
37746.0
37741.0
37739.0
37728.0
37730.0
37725.0
37718.0
37712.0
37722.0
37706.0
37715.0
37700.0
37693.0
37700.0
37694.0
37678.0
37668.0
37654.0
37639.0
37654.0
37653.0
37637.0
37642.0
37614.0
37610.0
37626.0
37608.0
37603.0
37590.0
37589.0
37587.0
37582.0
37584.0
37572.0
37582.0
37571.0
37574.0
37577.0
37555.0
37556.0
37567.0
37562.0
37548.0
37543.0
37543.0
37545.0
37547.0
37552.0
37546.0
37530.0
37530.0
37514.0
37513.0
37513.0
37512.0
37506.0
37494.0
37488.0
37496.0
37491.0
37490.0
37490.0
37482.0
37467.0
37473.0
37478.0
37472.0
37480.0
37454.0
37465.0
37455.0
37447.0
37441.0
37446.0
37431.0
37436.0
37431.0
37424.0
37425.0
37426.0
37423.0
37424.0
37426.0
37420.0
37418.0
37420.0
37421.0
37412.0
37414.0
37420.0
37404.0
37401.0
37391.0
37387.0
37386.0
37383.0
37385.0
37363.0
37374.0
37367.0
37364.0
37355.0
37353.0
37350.0
37359.0
37343.0
37336.0
37334.0
37335.0
37336.0
37327.0
37318.0
37315.0
37315.0
37305.0
37299.0
37288.0
37281.0
37272.0
37253.0
37244.0
37238.0
37238.0
37223.0
37218.0
37213.0
37207.0
37220.0
37204.0
37196.0
37192.0
37174.0
37174.0
37166.0
37167.0
37157.0
37150.0
37148.0
37136.0
37141.0
37125.0
37132.0
37124.0
37122.0
37120.0
37115.0
37125.0
37119.0
37112.0
37104.0
37102.0
37099.0
37085.0
37099.0
37085.0
37079.0
37080.0
37078.0
37076.0
37080.0
37071.0
37072.0
37066.0
37064.0
37070.0
37056.0
37058.0
37046.0
37045.0
37033.0
37045.0
37055.0
37059.0
37040.0
37050.0
37036.0
37037.0
37029.0
37019.0
37011.0
37018.0
37025.0
36997.0
37010.0
37008.0
37003.0
36993.0
36996.0
36987.0
36997.0
36977.0
36974.0
36974.0
36969.0
36962.0
36957.0
36972.0
36961.0
36948.0
36937.0
36931.0
36938.0
36933.0
36922.0
36930.0
36940.0
36939.0
36927.0
36929.0
36923.0
36917.0
36920.0
36920.0
36906.0
36898.0
36904.0
36890.0
36895.0
36881.0
36887.0
36873.0
36867.0
36866.0
36862.0
36875.0
36866.0
36855.0
36847.0
36844.0
36836.0
36839.0
36823.0
36827.0
36823.0
36802.0
36808.0
36814.0
36800.0
36792.0
36790.0
36781.0
36774.0
36775.0
36770.0
36762.0
36757.0
36769.0
36752.0
36738.0
36741.0
36739.0
36730.0
36722.0
36720.0
36708.0
36701.0
36693.0
36707.0
36701.0
36700.0
36701.0
36706.0
36701.0
36702.0
36698.0
36693.0
36694.0
36685.0
36676.0
36668.0
36674.0
36668.0
36666.0
36670.0
36663.0
36652.0
36658.0
36663.0
36660.0
36654.0
36652.0
36664.0
36651.0
36651.0
36661.0
36648.0
36645.0
36652.0
36661.0
36648.0
36646.0
36640.0
36634.0
36620.0
36627.0
36614.0
36611.0
36575.0
36574.0
36578.0
36578.0
36564.0
36552.0
36546.0
36553.0
36554.0
36530.0
36530.0
36516.0
36513.0
36512.0
36512.0
36528.0
36505.0
36491.0
36485.0
36481.0
36476.0
36485.0
36484.0
36471.0
36472.0
36478.0
36468.0
36463.0
36467.0
36460.0
36459.0
36459.0
36452.0
36458.0
36450.0
36443.0
36443.0
36438.0
36432.0
36438.0
36426.0
36426.0
36438.0
36419.0
36416.0
36403.0
36406.0
36409.0
36398.0
36403.0
36401.0
36384.0
36369.0
36370.0
36365.0
36373.0
36352.0
36348.0
36341.0
36330.0
36342.0
36342.0
36348.0
36328.0
36335.0
36310.0
36313.0
36322.0
36319.0
36299.0
36294.0
36297.0
36297.0
36298.0
36290.0
36301.0
36284.0
36280.0
36274.0
36281.0
36284.0
36257.0
36243.0
36251.0
36245.0
36248.0
36229.0
36213.0
36230.0
36227.0
36211.0
36203.0
36204.0
36206.0
36217.0
36216.0
36206.0
36199.0
36207.0
36194.0
36191.0
36191.0
36180.0
36177.0
36184.0
36167.0
36166.0
36161.0
36152.0
36153.0
36138.0
36144.0
36139.0
36122.0
36127.0
36123.0
36133.0
36127.0
36124.0
36114.0
36122.0
36111.0
36104.0
36104.0
36099.0
36076.0
36074.0
36070.0
36063.0
36060.0
36065.0
36062.0
36049.0
36049.0
36032.0
36020.0
36014.0
36015.0
36009.0
36010.0
36006.0
36005.0
35990.0
35993.0
35997.0
35983.0
35969.0
35978.0
35966.0
35965.0
35951.0
35933.0
35931.0
35921.0
35921.0
35905.0
35922.0
35901.0
35900.0
35906.0
35904.0
35896.0
35901.0
35907.0
35897.0
35887.0
35898.0
35891.0
35876.0
35868.0
35865.0
35866.0
35868.0
35866.0
35867.0
35856.0
35859.0
35857.0
35865.0
35864.0
35856.0
35849.0
35829.0
35837.0
35828.0
35822.0
35803.0
35802.0
35794.0
35803.0
35782.0
35779.0
35773.0
35778.0
35773.0
35769.0
35759.0
35759.0
35758.0
35760.0
35761.0
35765.0
35757.0
35754.0
35748.0
35747.0
35739.0
35739.0
35739.0
35735.0
35738.0
35731.0
35740.0
35736.0
35736.0
35728.0
35736.0
35733.0
35722.0
35718.0
35728.0
35728.0
35724.0
35702.0
35710.0
35710.0
35712.0
35700.0
35706.0
35707.0
35703.0
35704.0
35686.0
35692.0
35688.0
35694.0
35678.0
35677.0
35668.0
35662.0
35660.0
35652.0
35646.0
35649.0
35647.0
35648.0
35645.0
35642.0
35634.0
35641.0
35635.0
35631.0
35617.0
35613.0
35621.0
35620.0
35620.0
35614.0
35610.0
35619.0
35619.0
35604.0
35601.0
35588.0
35595.0
35588.0
35590.0
35570.0
35566.0
35563.0
35557.0
35552.0
35550.0
35548.0
35541.0
35534.0
35530.0
35542.0
35521.0
35520.0
35525.0
35536.0
35539.0
35534.0
35532.0
35536.0
35537.0
35531.0
35535.0
35535.0
35529.0
35525.0
35524.0
35515.0
35514.0
35492.0
35492.0
35484.0
35483.0
35479.0
35475.0
35470.0
35470.0
35474.0
35480.0
35468.0
35478.0
35462.0
35451.0
35471.0
35455.0
35458.0
35458.0
35465.0
35465.0
35451.0
35442.0
35434.0
35445.0
35419.0
35432.0
35426.0
35422.0
35420.0
35417.0
35402.0
35404.0
35404.0
35402.0
35413.0
35391.0
35402.0
35400.0
35380.0
35388.0
35396.0
35387.0
35369.0
35383.0
35362.0
35376.0
35371.0
35371.0
35364.0
35354.0
35341.0
35347.0
35325.0
35318.0
35313.0
35313.0
35312.0
35302.0
35293.0
35298.0
35291.0
35291.0
35291.0
35281.0
35283.0
35278.0
35273.0
35279.0
35269.0
35262.0
35265.0
35257.0
35257.0
35247.0
35249.0
35249.0
35238.0
35230.0
35217.0
35207.0
35197.0
35204.0
35195.0
35191.0
35179.0
35175.0
35175.0
35169.0
35173.0
35167.0
35164.0
35177.0
35176.0
35169.0
35153.0
35160.0
35163.0
35163.0
35165.0
35170.0
35159.0
35155.0
35156.0
35148.0
35127.0
35132.0
35137.0
35117.0
35130.0
35118.0
35127.0
35118.0
35125.0
35117.0
35122.0
35111.0
35110.0
35111.0
35110.0
35105.0
35111.0
35098.0
35090.0
35081.0
35084.0
35079.0
35083.0
35064.0
35063.0
35054.0
35044.0
35044.0
35042.0
35037.0
35027.0
35023.0
35029.0
35020.0
35016.0
35014.0
35008.0
35019.0
35012.0
35000.0
35008.0
34997.0
35002.0
35000.0
34994.0
34982.0
34984.0
34985.0
34987.0
34981.0
34972.0
34972.0
34971.0
34960.0
34965.0
34960.0
34959.0
34952.0
34949.0
34951.0
34954.0
34922.0
34936.0
34933.0
34938.0
34937.0
34924.0
34927.0
34902.0
34913.0
34900.0
34891.0
34880.0
34890.0
34888.0
34870.0
34861.0
34857.0
34855.0
34848.0
34838.0
34851.0
34846.0
34849.0
34847.0
34845.0
34841.0
34839.0
34827.0
34827.0
34830.0
34817.0
34819.0
34822.0
34816.0
34810.0
34804.0
34807.0
34800.0
34805.0
34799.0
34799.0
34803.0
34793.0
34789.0
34783.0
34781.0
34776.0
34772.0
34791.0
34768.0
34774.0
34764.0
34766.0
34763.0
34767.0
34765.0
34760.0
34753.0
34738.0
34742.0
34748.0
34731.0
34734.0
34734.0
34731.0
34717.0
34716.0
34701.0
34702.0
34693.0
34693.0
34685.0
34688.0
34669.0
34680.0
34666.0
34674.0
34672.0
34673.0
34675.0
34658.0
34648.0
34648.0
34647.0
34640.0
34642.0
34645.0
34640.0
34633.0
34634.0
34635.0
34623.0
34626.0
34639.0
34626.0
34630.0
34626.0
34622.0
34617.0
34614.0
34615.0
34617.0
34624.0
34605.0
34606.0
34596.0
34594.0
34596.0
34586.0
34581.0
34563.0
34571.0
34569.0
34574.0
34574.0
34567.0
34569.0
34554.0
34566.0
34576.0
34566.0
34564.0
34553.0
34539.0
34532.0
34537.0
34530.0
34526.0
34514.0
34512.0
34519.0
34518.0
34517.0
34512.0
34496.0
34504.0
34486.0
34481.0
34490.0
34489.0
34468.0
34492.0
34466.0
34484.0
34471.0
34467.0
34463.0
34457.0
34460.0
34438.0
34433.0
34430.0
34414.0
34410.0
34418.0
34415.0
34418.0
34410.0
34408.0
34408.0
34399.0
34395.0
34388.0
34396.0
34395.0
34396.0
34391.0
34396.0
34389.0
34387.0
34372.0
34376.0
34366.0
34367.0
34377.0
34359.0
34358.0
34343.0
34349.0
34348.0
34347.0
34344.0
34347.0
34351.0
34332.0
34339.0
34333.0
34325.0
34329.0
34326.0
34316.0
34313.0
34312.0
34298.0
34295.0
34293.0
34282.0
34288.0
34283.0
34271.0
34265.0
34266.0
34273.0
34262.0
34271.0
34259.0
34252.0
34242.0
34243.0
34238.0
34225.0
34235.0
34225.0
34228.0
34220.0
34226.0
34219.0
34216.0
34219.0
34216.0
34216.0
34220.0
34212.0
34210.0
34209.0
34210.0
34205.0
34208.0
34181.0
34174.0
34180.0
34178.0
34168.0
34164.0
34168.0
34167.0
34170.0
34160.0
34154.0
34151.0
34154.0
34136.0
34129.0
34126.0
34122.0
34109.0
34102.0
34095.0
34093.0
34086.0
34081.0
34078.0
34069.0
34064.0
34068.0
34066.0
34060.0
34066.0
34060.0
34052.0
34046.0
34047.0
34043.0
34045.0
34039.0
34036.0
34030.0
34030.0
34022.0
34018.0
34016.0
34007.0
34022.0
34003.0
33995.0
33989.0
33993.0
33988.0
33980.0
33978.0
33982.0
33966.0
33974.0
33971.0
33965.0
33959.0
33956.0
33959.0
33952.0
33956.0
33948.0
33956.0
33948.0
33947.0
33945.0
33937.0
33934.0
33935.0
33935.0
33926.0
33913.0
33908.0
33897.0
33899.0
33902.0
33898.0
33888.0
33892.0
33886.0
33878.0
33884.0
33888.0
33871.0
33872.0
33870.0
33865.0
33871.0
33861.0
33868.0
33864.0
33854.0
33858.0
33851.0
33845.0
33851.0
33850.0
33845.0
33838.0
33842.0
33834.0
33822.0
33819.0
33803.0
33800.0
33796.0
33805.0
33793.0
33791.0
33795.0
33775.0
33775.0
33779.0
33787.0
33778.0
33775.0
33757.0
33769.0
33751.0
33749.0
33748.0
33749.0
33753.0
33749.0
33754.0
33758.0
33753.0
33739.0
33728.0
33736.0
33720.0
33724.0
33719.0
33718.0
33725.0
33717.0
33720.0
33712.0
33717.0
33702.0
33705.0
33702.0
33710.0
33690.0
33699.0
33701.0
33705.0
33684.0
33675.0
33659.0
33674.0
33672.0
33667.0
33672.0
33671.0
33661.0
33663.0
33672.0
33662.0
33661.0
33647.0
33651.0
33641.0
33648.0
33645.0
33632.0
33633.0
33635.0
33611.0
33628.0
33622.0
33614.0
33612.0
33607.0
33610.0
33590.0
33589.0
33584.0
33591.0
33584.0
33587.0
33585.0
33561.0
33554.0
33560.0
33557.0
33558.0
33556.0
33550.0
33536.0
33549.0
33541.0
33537.0
33537.0
33542.0
33543.0
33535.0
33535.0
33533.0
33530.0
33531.0
33515.0
33512.0
33502.0
33498.0
33507.0
33498.0
33501.0
33494.0
33497.0
33490.0
33488.0
33484.0
33491.0
33478.0
33479.0
33489.0
33491.0
33477.0
33468.0
33469.0
33462.0
33475.0
33469.0
33442.0
33455.0
33465.0
33455.0
33453.0
33444.0
33439.0
33442.0
33430.0
33439.0
33423.0
33419.0
33406.0
33391.0
33390.0
33378.0
33377.0
33373.0
33381.0
33375.0
33376.0
33357.0
33359.0
33347.0
33343.0
33339.0
33332.0
33332.0
33330.0
33322.0
33331.0
33320.0
33314.0
33315.0
33317.0
33325.0
33326.0
33325.0
33321.0
33322.0
33322.0
33330.0
33312.0
33307.0
33303.0
33291.0
33292.0
33285.0
33273.0
33271.0
33260.0
33270.0
33250.0
33250.0
33252.0
33241.0
33239.0
33230.0
33220.0
33218.0
33215.0
33199.0
33191.0
33192.0
33194.0
33186.0
33189.0
33192.0
33190.0
33186.0
33173.0
33162.0
33161.0
33167.0
33154.0
33155.0
33152.0
33160.0
33154.0
33158.0
33146.0
33154.0
33138.0
33145.0
33129.0
33133.0
33143.0
33123.0
33108.0
33100.0
33101.0
33100.0
33090.0
33101.0
33087.0
33093.0
33080.0
33094.0
33072.0
33081.0
33079.0
33067.0
33062.0
33054.0
33052.0
33040.0
33039.0
33035.0
33028.0
33026.0
33018.0
33016.0
33015.0
33010.0
33015.0
33001.0
32999.0
33001.0
32996.0
32987.0
32982.0
32987.0
32988.0
32977.0
32982.0
32969.0
32976.0
32978.0
32975.0
32974.0
32962.0
32970.0
32967.0
32959.0
32950.0
32942.0
32941.0
32934.0
32944.0
32932.0
32930.0
32916.0
32916.0
32914.0
32904.0
32904.0
32910.0
32903.0
32903.0
32887.0
32888.0
32893.0
32892.0
32892.0
32894.0
32889.0
32886.0
32892.0
32882.0
32883.0
32880.0
32881.0
32884.0
32884.0
32889.0
32879.0
32868.0
32871.0
32867.0
32864.0
32856.0
32844.0
32841.0
32833.0
32824.0
32826.0
32821.0
32820.0
32813.0
32811.0
32803.0
32806.0
32806.0
32792.0
32789.0
32794.0
32787.0
32794.0
32781.0
32773.0
32773.0
32770.0
32762.0
32758.0
32761.0
32756.0
32762.0
32743.0
32745.0
32736.0
32731.0
32737.0
32729.0
32727.0
32725.0
32732.0
32729.0
32717.0
32721.0
32708.0
32710.0
32705.0
32699.0
32699.0
32683.0
32687.0
32685.0
32685.0
32674.0
32678.0
32666.0
32666.0
32667.0
32663.0
32659.0
32658.0
32654.0
32651.0
32649.0
32652.0
32653.0
32645.0
32646.0
32648.0
32642.0
32644.0
32637.0
32638.0
32644.0
32631.0
32629.0
32632.0
32608.0
32597.0
32593.0
32595.0
32584.0
32584.0
32578.0
32568.0
32569.0
32575.0
32565.0
32565.0
32553.0
32561.0
32549.0
32548.0
32542.0
32538.0
32537.0
32533.0
32539.0
32541.0
32537.0
32521.0
32524.0
32519.0
32503.0
32511.0
32502.0
32491.0
32494.0
32484.0
32480.0
32489.0
32470.0
32464.0
32457.0
32462.0
32458.0
32450.0
32439.0
32450.0
32440.0
32435.0
32435.0
32442.0
32435.0
32429.0
32431.0
32417.0
32420.0
32415.0
32414.0
32414.0
32409.0
32413.0
32413.0
32395.0
32415.0
32396.0
32370.0
32382.0
32381.0
32370.0
32379.0
32377.0
32369.0
32363.0
32364.0
32358.0
32366.0
32367.0
32359.0
32354.0
32354.0
32338.0
32333.0
32335.0
32330.0
32327.0
32313.0
32320.0
32317.0
32317.0
32311.0
32309.0
32299.0
32298.0
32295.0
32298.0
32291.0
32290.0
32287.0
32284.0
32286.0
32277.0
32281.0
32282.0
32279.0
32280.0
32273.0
32273.0
32269.0
32266.0
32266.0
32259.0
32256.0
32254.0
32256.0
32246.0
32250.0
32243.0
32232.0
32239.0
32230.0
32235.0
32230.0
32222.0
32229.0
32229.0
32227.0
32229.0
32228.0
32228.0
32225.0
32221.0
32222.0
32221.0
32219.0
32204.0
32210.0
32213.0
32210.0
32207.0
32210.0
32206.0
32205.0
32186.0
32191.0
32182.0
32180.0
32182.0
32178.0
32189.0
32187.0
32185.0
32180.0
32184.0
32174.0
32187.0
32162.0
32174.0
32172.0
32171.0
32169.0
32168.0
32158.0
32179.0
32162.0
32162.0
32170.0
32159.0
32160.0
32164.0
32132.0
32148.0
32148.0
32150.0
32135.0
32131.0
32124.0
32122.0
32122.0
32123.0
32121.0
32116.0
32098.0
32092.0
32079.0
32081.0
32082.0
32070.0
32073.0
32061.0
32053.0
32048.0
32052.0
32051.0
32043.0
32043.0
32036.0
32030.0
32019.0
32013.0
32009.0
32014.0
31999.0
32015.0
32017.0
31999.0
32002.0
31996.0
31984.0
31984.0
31970.0
31978.0
31977.0
31967.0
31975.0
31990.0
31979.0
31969.0
31972.0
31978.0
31971.0
31957.0
31966.0
31967.0
31957.0
31962.0
31964.0
31964.0
31966.0
31957.0
31955.0
31954.0
31948.0
31928.0
31923.0
31904.0
31908.0
31910.0
31902.0
31888.0
31887.0
31886.0
31887.0
31892.0
31889.0
31868.0
31861.0
31854.0
31859.0
31839.0
31839.0
31811.0
31816.0
31812.0
31803.0
31788.0
31800.0
31779.0
31779.0
31785.0
31774.0
31766.0
31763.0
31768.0
31772.0
31759.0
31748.0
31751.0
31745.0
31744.0
31733.0
31732.0
31729.0
31738.0
31722.0
31728.0
31730.0
31715.0
31713.0
31704.0
31710.0
31704.0
31697.0
31701.0
31682.0
31690.0
31697.0
31697.0
31698.0
31684.0
31699.0
31683.0
31687.0
31691.0
31687.0
31683.0
31683.0
31678.0
31673.0
31683.0
31673.0
31657.0
31673.0
31656.0
31665.0
31657.0
31646.0
31650.0
31654.0
31658.0
31654.0
31638.0
31630.0
31640.0
31628.0
31631.0
31618.0
31625.0
31613.0
31615.0
31606.0
31611.0
31593.0
31599.0
31615.0
31593.0
31593.0
31587.0
31588.0
31586.0
31596.0
31579.0
31580.0
31560.0
31564.0
31553.0
31550.0
31559.0
31545.0
31553.0
31557.0
31540.0
31546.0
31543.0
31551.0
31551.0
31545.0
31537.0
31534.0
31526.0
31522.0
31525.0
31519.0
31515.0
31511.0
31504.0
31500.0
31504.0
31501.0
31500.0
31491.0
31502.0
31485.0
31497.0
31472.0
31480.0
31474.0
31471.0
31470.0
31464.0
31450.0
31457.0
31445.0
31445.0
31438.0
31431.0
31446.0
31429.0
31435.0
31431.0
31415.0
31400.0
31392.0
31379.0
31362.0
31357.0
31352.0
31352.0
31342.0
31336.0
31325.0
31315.0
31310.0
31298.0
31307.0
31301.0
31296.0
31300.0
31287.0
31287.0
31281.0
31284.0
31271.0
31277.0
31274.0
31272.0
31273.0
31271.0
31255.0
31251.0
31249.0
31245.0
31250.0
31247.0
31253.0
31241.0
31238.0
31239.0
31241.0
31239.0
31237.0
31223.0
31235.0
31226.0
31213.0
31221.0
31209.0
31210.0
31209.0
31213.0
31205.0
31195.0
31196.0
31201.0
31211.0
31210.0
31192.0
31182.0
31195.0
31191.0
31180.0
31186.0
31183.0
31183.0
31185.0
31179.0
31164.0
31167.0
31147.0
31159.0
31148.0
31152.0
31148.0
31139.0
31129.0
31113.0
31126.0
31118.0
31108.0
31099.0
31110.0
31092.0
31093.0
31074.0
31086.0
31075.0
31071.0
31068.0
31053.0
31069.0
31053.0
31049.0
31042.0
31046.0
31040.0
31026.0
31032.0
31024.0
31024.0
31021.0
31030.0
31019.0
31009.0
31015.0
31019.0
31012.0
31022.0
31002.0
31001.0
30997.0
30990.0
30994.0
30978.0
30982.0
30989.0
30985.0
30989.0
30987.0
30983.0
30983.0
30981.0
30974.0
30976.0
30967.0
30953.0
30951.0
30959.0
30961.0
30955.0
30944.0
30937.0
30937.0
30935.0
30939.0
30928.0
30919.0
30920.0
30906.0
30915.0
30897.0
30879.0
30898.0
30892.0
30888.0
30871.0
30871.0
30864.0
30868.0
30857.0
30858.0
30858.0
30862.0
30852.0
30855.0
30873.0
30855.0
30849.0
30852.0
30839.0
30842.0
30839.0
30843.0
30833.0
30838.0
30841.0
30828.0
30828.0
30830.0
30826.0
30825.0
30827.0
30829.0
30823.0
30824.0
30823.0
30825.0
30821.0
30815.0
30806.0
30810.0
30806.0
30788.0
30808.0
30797.0
30773.0
30785.0
30774.0
30766.0
30772.0
30771.0
30762.0
30750.0
30732.0
30734.0
30719.0
30704.0
30735.0
30704.0
30717.0
30724.0
30711.0
30713.0
30714.0
30716.0
30709.0
30697.0
30677.0
30681.0
30679.0
30676.0
30673.0
30668.0
30666.0
30662.0
30672.0
30660.0
30658.0
30661.0
30654.0
30658.0
30652.0
30663.0
30661.0
30657.0
30659.0
30650.0
30640.0
30631.0
30617.0
30613.0
30617.0
30610.0
30609.0
30612.0
30604.0
30614.0
30591.0
30586.0
30585.0
30589.0
30576.0
30568.0
30575.0
30565.0
30557.0
30550.0
30545.0
30547.0
30538.0
30548.0
30520.0
30527.0
30535.0
30521.0
30511.0
30514.0
30510.0
30510.0
30496.0
30496.0
30498.0
30498.0
30487.0
30489.0
30490.0
30482.0
30472.0
30469.0
30483.0
30471.0
30463.0
30458.0
30455.0
30449.0
30455.0
30455.0
30445.0
30449.0
30440.0
30453.0
30443.0
30440.0
30439.0
30431.0
30423.0
30427.0
30416.0
30409.0
30409.0
30413.0
30404.0
30406.0
30407.0
30400.0
30386.0
30399.0
30391.0
30398.0
30384.0
30382.0
30391.0
30389.0
30385.0
30369.0
30357.0
30360.0
30357.0
30362.0
30371.0
30362.0
30357.0
30362.0
30352.0
30347.0
30350.0
30345.0
30345.0
30323.0
30316.0
30310.0
30319.0
30308.0
30297.0
30306.0
30296.0
30288.0
30277.0
30273.0
30274.0
30267.0
30273.0
30272.0
30273.0
30269.0
30264.0
30255.0
30263.0
30240.0
30245.0
30226.0
30224.0
30231.0
30225.0
30223.0
30216.0
30225.0
30226.0
30226.0
30226.0
30219.0
30209.0
30219.0
30220.0
30223.0
30203.0
30201.0
30198.0
30193.0
30197.0
30180.0
30180.0
30180.0
30176.0
30169.0
30163.0
30163.0
30151.0
30139.0
30141.0
30119.0
30123.0
30123.0
30125.0
30116.0
30129.0
30120.0
30120.0
30122.0
30109.0
30100.0
30090.0
30103.0
30094.0
30107.0
30098.0
30092.0
30096.0
30093.0
30088.0
30087.0
30077.0
30074.0
30070.0
30065.0
30066.0
30057.0
30070.0
30056.0
30048.0
30041.0
30055.0
30042.0
30036.0
30042.0
30017.0
30024.0
30018.0
30024.0
30008.0
30015.0
30009.0
30002.0
30005.0
29998.0
29984.0
29988.0
29985.0
29980.0
29980.0
29984.0
29974.0
29967.0
29976.0
29979.0
29966.0
29961.0
29961.0
29963.0
29956.0
29952.0
29954.0
29942.0
29945.0
29956.0
29935.0
29930.0
29930.0
29921.0
29929.0
29918.0
29920.0
29910.0
29909.0
29914.0
29905.0
29907.0
29903.0
29911.0
29911.0
29905.0
29904.0
29892.0
29887.0
29865.0
29869.0
29870.0
29866.0
29855.0
29846.0
29847.0
29837.0
29836.0
29832.0
29836.0
29845.0
29820.0
29816.0
29810.0
29826.0
29812.0
29812.0
29804.0
29807.0
29798.0
29793.0
29793.0
29792.0
29792.0
29807.0
29809.0
29804.0
29794.0
29798.0
29790.0
29792.0
29783.0
29788.0
29787.0
29775.0
29782.0
29765.0
29757.0
29755.0
29751.0
29754.0
29737.0
29743.0
29729.0
29730.0
29708.0
29719.0
29708.0
29711.0
29693.0
29701.0
29694.0
29681.0
29692.0
29678.0
29679.0
29668.0
29669.0
29649.0
29651.0
29654.0
29656.0
29632.0
29637.0
29623.0
29632.0
29611.0
29594.0
29612.0
29596.0
29601.0
29600.0
29592.0
29589.0
29587.0
29592.0
29593.0
29594.0
29587.0
29587.0
29599.0
29590.0
29592.0
29583.0
29587.0
29579.0
29559.0
29562.0
29568.0
29568.0
29566.0
29567.0
29573.0
29563.0
29543.0
29540.0
29554.0
29547.0
29540.0
29541.0
29535.0
29527.0
29529.0
29519.0
29495.0
29482.0
29492.0
29497.0
29490.0
29486.0
29496.0
29490.0
29488.0
29482.0
29479.0
29480.0
29473.0
29469.0
29455.0
29437.0
29441.0
29445.0
29444.0
29448.0
29444.0
29444.0
29437.0
29427.0
29435.0
29434.0
29431.0
29426.0
29413.0
29404.0
29415.0
29409.0
29402.0
29402.0
29397.0
29407.0
29394.0
29391.0
29393.0
29383.0
29379.0
29370.0
29378.0
29386.0
29372.0
29382.0
29369.0
29364.0
29367.0
29353.0
29338.0
29332.0
29323.0
29333.0
29311.0
29304.0
29311.0
29304.0
29293.0
29276.0
29270.0
29273.0
29271.0
29260.0
29258.0
29244.0
29238.0
29257.0
29251.0
29244.0
29231.0
29242.0
29251.0
29241.0
29234.0
29229.0
29236.0
29241.0
29230.0
29211.0
29200.0
29202.0
29186.0
29184.0
29196.0
29189.0
29175.0
29178.0
29175.0
29179.0
29171.0
29165.0
29161.0
29153.0
29150.0
29145.0
29146.0
29147.0
29129.0
29132.0
29131.0
29141.0
29141.0
29132.0
29128.0
29133.0
29130.0
29126.0
29121.0
29125.0
29122.0
29125.0
29111.0
29102.0
29104.0
29097.0
29088.0
29094.0
29091.0
29078.0
29067.0
29062.0
29041.0
29031.0
29026.0
29020.0
29028.0
29027.0
29007.0
29009.0
29005.0
28998.0
28998.0
29000.0
28999.0
28998.0
28994.0
28990.0
28989.0
28985.0
28989.0
28990.0
28980.0
28983.0
28975.0
28979.0
28977.0
28984.0
28983.0
28972.0
28978.0
28969.0
28975.0
28977.0
28972.0
28954.0
28951.0
28943.0
28957.0
28942.0
28942.0
28945.0
28947.0
28946.0
28943.0
28942.0
28932.0
28928.0
28926.0
28919.0
28920.0
28916.0
28902.0
28908.0
28914.0
28912.0
28907.0
28911.0
28903.0
28901.0
28884.0
28889.0
28864.0
28865.0
28868.0
28855.0
28879.0
28866.0
28868.0
28856.0
28846.0
28861.0
28857.0
28842.0
28837.0
28836.0
28847.0
28848.0
28848.0
28840.0
28833.0
28831.0
28834.0
28822.0
28823.0
28815.0
28817.0
28826.0
28829.0
28808.0
28818.0
28812.0
28814.0
28800.0
28804.0
28796.0
28800.0
28778.0
28757.0
28763.0
28770.0
28754.0
28774.0
28760.0
28761.0
28756.0
28740.0
28741.0
28732.0
28708.0
28721.0
28720.0
28714.0
28722.0
28716.0
28712.0
28707.0
28692.0
28702.0
28700.0
28686.0
28697.0
28698.0
28694.0
28706.0
28692.0
28692.0
28681.0
28696.0
28697.0
28689.0
28703.0
28682.0
28683.0
28678.0
28679.0
28677.0
28685.0
28669.0
28666.0
28656.0
28639.0
28650.0
28647.0
28635.0
28611.0
28613.0
28607.0
28601.0
28599.0
28580.0
28591.0
28570.0
28553.0
28566.0
28549.0
28543.0
28539.0
28521.0
28516.0
28508.0
28507.0
28505.0
28503.0
28503.0
28502.0
28502.0
28497.0
28491.0
28495.0
28490.0
28493.0
28467.0
28471.0
28470.0
28469.0
28457.0
28450.0
28461.0
28453.0
28455.0
28450.0
28446.0
28443.0
28440.0
28418.0
28429.0
28413.0
28411.0
28408.0
28404.0
28407.0
28411.0
28414.0
28410.0
28397.0
28406.0
28412.0
28406.0
28415.0
28398.0
28399.0
28390.0
28387.0
28385.0
28383.0
28379.0
28374.0
28375.0
28380.0
28375.0
28372.0
28367.0
28365.0
28364.0
28369.0
28360.0
28371.0
28356.0
28353.0
28347.0
28334.0
28343.0
28339.0
28334.0
28336.0
28321.0
28327.0
28314.0
28326.0
28316.0
28316.0
28301.0
28297.0
28295.0
28293.0
28287.0
28278.0
28270.0
28247.0
28254.0
28249.0
28243.0
28237.0
28245.0
28244.0
28230.0
28230.0
28242.0
28239.0
28240.0
28231.0
28236.0
28212.0
28222.0
28224.0
28228.0
28236.0
28207.0
28219.0
28203.0
28216.0
28203.0
28200.0
28192.0
28194.0
28185.0
28197.0
28173.0
28152.0
28154.0
28150.0
28143.0
28144.0
28137.0
28136.0
28130.0
28129.0
28135.0
28136.0
28132.0
28126.0
28116.0
28133.0
28107.0
28113.0
28087.0
28081.0
28088.0
28079.0
28085.0
28088.0
28087.0
28087.0
28075.0
28066.0
28079.0
28060.0
28079.0
28047.0
28038.0
28045.0
28039.0
28037.0
28032.0
28040.0
28034.0
28015.0
28022.0
28010.0
28002.0
27994.0
28004.0
27989.0
27985.0
27974.0
27968.0
27953.0
27954.0
27954.0
27957.0
27957.0
27967.0
27956.0
27967.0
27956.0
27949.0
27943.0
27960.0
27942.0
27943.0
27941.0
27930.0
27923.0
27921.0
27922.0
27930.0
27919.0
27923.0
27925.0
27915.0
27913.0
27909.0
27910.0
27912.0
27905.0
27893.0
27884.0
27899.0
27896.0
27899.0
27911.0
27896.0
27891.0
27892.0
27875.0
27869.0
27864.0
27879.0
27871.0
27863.0
27850.0
27854.0
27844.0
27841.0
27826.0
27817.0
27822.0
27809.0
27803.0
27805.0
27793.0
27805.0
27801.0
27809.0
27788.0
27789.0
27788.0
27789.0
27775.0
27778.0
27779.0
27776.0
27775.0
27772.0
27774.0
27779.0
27774.0
27762.0
27768.0
27766.0
27757.0
27756.0
27754.0
27758.0
27751.0
27753.0
27748.0
27735.0
27741.0
27730.0
27721.0
27717.0
27712.0
27705.0
27698.0
27690.0
27695.0
27683.0
27686.0
27688.0
27696.0
27680.0
27676.0
27678.0
27670.0
27663.0
27666.0
27659.0
27656.0
27647.0
27653.0
27648.0
27653.0
27637.0
27638.0
27639.0
27609.0
27617.0
27626.0
27616.0
27620.0
27619.0
27611.0
27615.0
27611.0
27611.0
27621.0
27619.0
27597.0
27595.0
27608.0
27604.0
27590.0
27583.0
27585.0
27576.0
27560.0
27573.0
27579.0
27581.0
27585.0
27583.0
27573.0
27578.0
27575.0
27558.0
27557.0
27543.0
27547.0
27532.0
27547.0
27539.0
27532.0
27541.0
27518.0
27532.0
27532.0
27529.0
27520.0
27536.0
27532.0
27511.0
27514.0
27510.0
27514.0
27513.0
27523.0
27501.0
27505.0
27490.0
27501.0
27491.0
27493.0
27493.0
27488.0
27494.0
27491.0
27490.0
27491.0
27469.0
27460.0
27469.0
27453.0
27447.0
27442.0
27434.0
27419.0
27439.0
27438.0
27428.0
27426.0
27434.0
27431.0
27418.0
27423.0
27437.0
27418.0
27420.0
27413.0
27400.0
27393.0
27398.0
27393.0
27395.0
27387.0
27387.0
27374.0
27378.0
27368.0
27364.0
27365.0
27371.0
27363.0
27382.0
27364.0
27373.0
27350.0
27346.0
27327.0
27335.0
27326.0
27320.0
27314.0
27310.0
27311.0
27319.0
27310.0
27307.0
27313.0
27295.0
27295.0
27282.0
27308.0
27288.0
27288.0
27284.0
27268.0
27285.0
27264.0
27249.0
27237.0
27242.0
27234.0
27244.0
27232.0
27217.0
27225.0
27220.0
27222.0
27200.0
27208.0
27199.0
27200.0
27199.0
27203.0
27187.0
27167.0
27172.0
27162.0
27156.0
27147.0
27139.0
27157.0
27146.0
27145.0
27118.0
27123.0
27104.0
27111.0
27110.0
27104.0
27093.0
27092.0
27079.0
27085.0
27078.0
27076.0
27060.0
27065.0
27056.0
27036.0
27039.0
27045.0
27033.0
27022.0
27030.0
27016.0
27025.0
27014.0
27009.0
26998.0
27008.0
26996.0
27001.0
26995.0
26984.0
26980.0
26981.0
26967.0
26958.0
26953.0
26950.0
26942.0
26946.0
26937.0
26921.0
26926.0
26908.0
26918.0
26910.0
26914.0
26912.0
26909.0
26895.0
26901.0
26911.0
26886.0
26888.0
26883.0
26879.0
26874.0
26871.0
26874.0
26870.0
26866.0
26869.0
26868.0
26866.0
26859.0
26858.0
26860.0
26849.0
26846.0
26849.0
26829.0
26825.0
26822.0
26818.0
26816.0
26808.0
26809.0
26808.0
26816.0
26809.0
26806.0
26803.0
26793.0
26810.0
26798.0
26799.0
26791.0
26779.0
26785.0
26777.0
26784.0
26768.0
26771.0
26763.0
26755.0
26768.0
26755.0
26759.0
26756.0
26744.0
26742.0
26725.0
26717.0
26710.0
26711.0
26707.0
26703.0
26709.0
26690.0
26695.0
26689.0
26685.0
26669.0
26656.0
26643.0
26637.0
26655.0
26648.0
26647.0
26644.0
26643.0
26652.0
26653.0
26641.0
26653.0
26646.0
26638.0
26641.0
26642.0
26631.0
26636.0
26623.0
26616.0
26622.0
26621.0
26619.0
26627.0
26616.0
26612.0
26594.0
26600.0
26595.0
26606.0
26593.0
26595.0
26598.0
26589.0
26583.0
26584.0
26577.0
26569.0
26574.0
26575.0
26571.0
26567.0
26555.0
26542.0
26546.0
26532.0
26539.0
26528.0
26526.0
26517.0
26502.0
26508.0
26500.0
26497.0
26496.0
26478.0
26489.0
26468.0
26459.0
26460.0
26452.0
26448.0
26458.0
26426.0
26415.0
26419.0
26420.0
26423.0
26414.0
26412.0
26402.0
26393.0
26384.0
26376.0
26379.0
26363.0
26362.0
26352.0
26346.0
26342.0
26332.0
26333.0
26336.0
26324.0
26320.0
26312.0
26300.0
26307.0
26301.0
26300.0
26305.0
26286.0
26272.0
26278.0
26260.0
26250.0
26248.0
26244.0
26244.0
26250.0
26235.0
26233.0
26226.0
26232.0
26223.0
26220.0
26222.0
26224.0
26217.0
26217.0
26215.0
26218.0
26211.0
26204.0
26202.0
26192.0
26197.0
26186.0
26203.0
26183.0
26188.0
26194.0
26179.0
26172.0
26190.0
26185.0
26166.0
26162.0
26155.0
26169.0
26159.0
26165.0
26162.0
26149.0
26152.0
26155.0
26162.0
26153.0
26157.0
26154.0
26142.0
26142.0
26137.0
26145.0
26139.0
26129.0
26113.0
26099.0
26103.0
26076.0
26097.0
26090.0
26074.0
26066.0
26070.0
26071.0
26066.0
26075.0
26083.0
26061.0
26073.0
26056.0
26053.0
26053.0
26042.0
26033.0
26027.0
26030.0
26026.0
26027.0
26024.0
26014.0
26004.0
26001.0
25991.0
25985.0
25974.0
26000.0
25964.0
25967.0
25962.0
25960.0
25954.0
25970.0
25961.0
25963.0
25982.0
25961.0
25950.0
25953.0
25952.0
25950.0
25949.0
25955.0
25958.0
25943.0
25935.0
25943.0
25933.0
25928.0
25924.0
25904.0
25913.0
25902.0
25908.0
25916.0
25898.0
25904.0
25875.0
25869.0
25884.0
25885.0
25868.0
25857.0
25857.0
25853.0
25854.0
25844.0
25844.0
25849.0
25847.0
25842.0
25842.0
25839.0
25836.0
25831.0
25823.0
25823.0
25808.0
25814.0
25814.0
25806.0
25811.0
25807.0
25797.0
25792.0
25790.0
25794.0
25783.0
25783.0
25770.0
25767.0
25769.0
25766.0
25769.0
25758.0
25760.0
25759.0
25753.0
25751.0
25749.0
25749.0
25730.0
25745.0
25744.0
25734.0
25732.0
25719.0
25730.0
25726.0
25719.0
25722.0
25717.0
25711.0
25713.0
25706.0
25712.0
25712.0
25691.0
25696.0
25700.0
25692.0
25704.0
25704.0
25701.0
25693.0
25694.0
25688.0
25691.0
25664.0
25665.0
25661.0
25671.0
25652.0
25661.0
25664.0
25650.0
25640.0
25630.0
25633.0
25635.0
25634.0
25625.0
25621.0
25609.0
25603.0
25599.0
25598.0
25580.0
25578.0
25572.0
25569.0
25568.0
25559.0
25563.0
25552.0
25555.0
25541.0
25539.0
25531.0
25529.0
25522.0
25538.0
25528.0
25531.0
25532.0
25521.0
25498.0
25515.0
25490.0
25501.0
25471.0
25464.0
25460.0
25454.0
25459.0
25456.0
25447.0
25448.0
25447.0
25452.0
25438.0
25438.0
25436.0
25429.0
25416.0
25409.0
25411.0
25403.0
25405.0
25400.0
25397.0
25381.0
25382.0
25388.0
25370.0
25378.0
25366.0
25354.0
25360.0
25355.0
25359.0
25355.0
25335.0
25345.0
25355.0
25346.0
25344.0
25327.0
25320.0
25330.0
25318.0
25321.0
25326.0
25322.0
25318.0
25320.0
25326.0
25314.0
25309.0
25303.0
25300.0
25288.0
25287.0
25275.0
25288.0
25281.0
25278.0
25271.0
25257.0
25261.0
25260.0
25248.0
25240.0
25240.0
25233.0
25241.0
25256.0
25236.0
25249.0
25240.0
25233.0
25249.0
25243.0
25221.0
25224.0
25208.0
25204.0
25226.0
25204.0
25212.0
25208.0
25202.0
25213.0
25188.0
25201.0
25201.0
25179.0
25174.0
25188.0
25172.0
25172.0
25171.0
25172.0
25155.0
25153.0
25157.0
25126.0
25111.0
25117.0
25103.0
25119.0
25108.0
25104.0
25117.0
25107.0
25096.0
25099.0
25111.0
25101.0
25102.0
25101.0
25099.0
25097.0
25097.0
25095.0
25088.0
25081.0
25093.0
25088.0
25079.0
25081.0
25067.0
25065.0
25058.0
25052.0
25061.0
25056.0
25053.0
25058.0
25051.0
25042.0
25031.0
25029.0
25041.0
25034.0
25037.0
25017.0
25025.0
25035.0
25009.0
25013.0
24994.0
24987.0
24988.0
24981.0
24998.0
24991.0
24987.0
24997.0
24979.0
24977.0
24969.0
24965.0
24968.0
24966.0
24960.0
24953.0
24957.0
24961.0
24962.0
24967.0
24950.0
24950.0
24941.0
24953.0
24946.0
24938.0
24941.0
24930.0
24935.0
24920.0
24925.0
24916.0
24907.0
24911.0
24904.0
24892.0
24896.0
24893.0
24893.0
24884.0
24883.0
24877.0
24874.0
24863.0
24880.0
24867.0
24864.0
24859.0
24848.0
24843.0
24836.0
24844.0
24853.0
24840.0
24836.0
24844.0
24842.0
24839.0
24843.0
24836.0
24834.0
24829.0
24831.0
24813.0
24805.0
24798.0
24789.0
24794.0
24783.0
24804.0
24799.0
24782.0
24783.0
24775.0
24781.0
24771.0
24766.0
24767.0
24755.0
24756.0
24754.0
24747.0
24742.0
24744.0
24748.0
24736.0
24708.0
24715.0
24712.0
24707.0
24712.0
24706.0
24704.0
24703.0
24703.0
24689.0
24681.0
24668.0
24675.0
24656.0
24663.0
24659.0
24665.0
24651.0
24640.0
24647.0
24636.0
24630.0
24643.0
24632.0
24623.0
24621.0
24604.0
24609.0
24610.0
24608.0
24605.0
24596.0
24600.0
24605.0
24598.0
24596.0
24591.0
24586.0
24579.0
24584.0
24580.0
24577.0
24584.0
24575.0
24568.0
24570.0
24568.0
24561.0
24553.0
24547.0
24543.0
24543.0
24543.0
24539.0
24535.0
24524.0
24525.0
24521.0
24509.0
24513.0
24503.0
24500.0
24488.0
24489.0
24482.0
24487.0
24493.0
24475.0
24477.0
24489.0
24471.0
24464.0
24470.0
24460.0
24451.0
24452.0
24442.0
24440.0
24436.0
24436.0
24421.0
24413.0
24401.0
24419.0
24411.0
24402.0
24408.0
24397.0
24404.0
24395.0
24401.0
24401.0
24399.0
24398.0
24393.0
24384.0
24392.0
24392.0
24393.0
24381.0
24368.0
24358.0
24361.0
24360.0
24355.0
24354.0
24343.0
24347.0
24341.0
24335.0
24342.0
24330.0
24334.0
24332.0
24321.0
24322.0
24320.0
24306.0
24317.0
24307.0
24312.0
24315.0
24301.0
24302.0
24291.0
24287.0
24270.0
24286.0
24271.0
24272.0
24266.0
24270.0
24275.0
24263.0
24269.0
24265.0
24264.0
24256.0
24256.0
24258.0
24251.0
24252.0
24251.0
24242.0
24245.0
24240.0
24228.0
24234.0
24229.0
24232.0
24228.0
24229.0
24229.0
24219.0
24213.0
24200.0
24205.0
24209.0
24183.0
24191.0
24195.0
24178.0
24179.0
24179.0
24170.0
24173.0
24171.0
24173.0
24175.0
24171.0
24163.0
24164.0
24151.0
24155.0
24146.0
24148.0
24128.0
24140.0
24139.0
24130.0
24109.0
24104.0
24114.0
24112.0
24100.0
24119.0
24102.0
24094.0
24076.0
24078.0
24087.0
24068.0
24077.0
24069.0
24070.0
24072.0
24064.0
24075.0
24062.0
24054.0
24065.0
24056.0
24042.0
24041.0
24035.0
24024.0
24004.0
24003.0
24008.0
24000.0
23995.0
23992.0
23996.0
23988.0
23997.0
23984.0
23974.0
23961.0
23970.0
23965.0
23952.0
23956.0
23959.0
23949.0
23949.0
23957.0
23962.0
23959.0
23941.0
23932.0
23944.0
23935.0
23927.0
23918.0
23932.0
23922.0
23908.0
23903.0
23900.0
23904.0
23900.0
23898.0
23888.0
23895.0
23889.0
23884.0
23878.0
23882.0
23873.0
23876.0
23863.0
23859.0
23861.0
23862.0
23868.0
23868.0
23867.0
23860.0
23865.0
23854.0
23863.0
23856.0
23852.0
23844.0
23841.0
23837.0
23822.0
23829.0
23814.0
23826.0
23822.0
23813.0
23815.0
23812.0
23811.0
23820.0
23805.0
23820.0
23812.0
23807.0
23801.0
23790.0
23805.0
23785.0
23801.0
23790.0
23795.0
23802.0
23783.0
23762.0
23771.0
23781.0
23773.0
23761.0
23759.0
23757.0
23742.0
23742.0
23748.0
23732.0
23735.0
23718.0
23710.0
23713.0
23693.0
23703.0
23697.0
23691.0
23675.0
23668.0
23678.0
23666.0
23670.0
23642.0
23652.0
23646.0
23629.0
23645.0
23638.0
23625.0
23635.0
23624.0
23611.0
23616.0
23611.0
23604.0
23612.0
23599.0
23602.0
23589.0
23582.0
23564.0
23569.0
23564.0
23562.0
23561.0
23557.0
23554.0
23574.0
23557.0
23561.0
23566.0
23557.0
23556.0
23560.0
23537.0
23556.0
23543.0
23538.0
23537.0
23542.0
23533.0
23521.0
23517.0
23517.0
23517.0
23525.0
23516.0
23519.0
23502.0
23489.0
23506.0
23493.0
23490.0
23490.0
23495.0
23485.0
23472.0
23476.0
23454.0
23464.0
23474.0
23449.0
23428.0
23435.0
23430.0
23429.0
23422.0
23424.0
23421.0
23410.0
23401.0
23393.0
23393.0
23379.0
23368.0
23354.0
23339.0
23336.0
23340.0
23336.0
23333.0
23322.0
23325.0
23332.0
23331.0
23308.0
23293.0
23280.0
23278.0
23284.0
23284.0
23269.0
23262.0
23254.0
23256.0
23257.0
23251.0
23269.0
23243.0
23260.0
23250.0
23233.0
23230.0
23218.0
23216.0
23217.0
23219.0
23222.0
23212.0
23201.0
23201.0
23198.0
23212.0
23204.0
23190.0
23196.0
23200.0
23192.0
23191.0
23176.0
23170.0
23170.0
23173.0
23159.0
23157.0
23148.0
23149.0
23129.0
23126.0
23120.0
23117.0
23116.0
23129.0
23123.0
23112.0
23101.0
23109.0
23116.0
23098.0
23109.0
23096.0
23098.0
23087.0
23091.0
23080.0
23077.0
23069.0
23058.0
23057.0
23052.0
23050.0
23047.0
23040.0
23037.0
23039.0
23040.0
23039.0
23037.0
23044.0
23046.0
23039.0
23045.0
23035.0
23031.0
23032.0
23036.0
23034.0
23038.0
23034.0
23025.0
23014.0
23015.0
23013.0
23011.0
23016.0
23014.0
23002.0
22992.0
22993.0
22989.0
22983.0
22990.0
22963.0
22955.0
22948.0
22955.0
22951.0
22948.0
22951.0
22942.0
22942.0
22946.0
22938.0
22935.0
22932.0
22926.0
22931.0
22927.0
22929.0
22921.0
22928.0
22932.0
22922.0
22915.0
22914.0
22918.0
22912.0
22914.0
22899.0
22902.0
22898.0
22886.0
22888.0
22881.0
22892.0
22888.0
22888.0
22880.0
22875.0
22871.0
22873.0
22870.0
22860.0
22842.0
22839.0
22828.0
22840.0
22825.0
22814.0
22811.0
22798.0
22806.0
22788.0
22781.0
22773.0
22768.0
22766.0
22764.0
22759.0
22756.0
22753.0
22757.0
22756.0
22759.0
22744.0
22754.0
22750.0
22755.0
22742.0
22743.0
22736.0
22731.0
22736.0
22723.0
22729.0
22726.0
22727.0
22723.0
22724.0
22725.0
22729.0
22721.0
22708.0
22714.0
22713.0
22717.0
22713.0
22699.0
22709.0
22693.0
22702.0
22704.0
22696.0
22694.0
22705.0
22708.0
22701.0
22706.0
22689.0
22697.0
22710.0
22703.0
22705.0
22716.0
22704.0
22692.0
22687.0
22675.0
22692.0
22695.0
22693.0
22690.0
22686.0
22678.0
22677.0
22675.0
22681.0
22673.0
22646.0
22653.0
22653.0
22630.0
22637.0
22634.0
22646.0
22634.0
22636.0
22619.0
22619.0
22612.0
22611.0
22614.0
22602.0
22578.0
22590.0
22579.0
22583.0
22559.0
22557.0
22544.0
22535.0
22523.0
22529.0
22527.0
22519.0
22532.0
22526.0
22514.0
22511.0
22505.0
22518.0
22510.0
22504.0
22495.0
22496.0
22482.0
22488.0
22476.0
22481.0
22476.0
22463.0
22475.0
22473.0
22467.0
22467.0
22460.0
22454.0
22443.0
22445.0
22452.0
22451.0
22465.0
22456.0
22441.0
22424.0
22446.0
22442.0
22435.0
22436.0
22436.0
22432.0
22421.0
22422.0
22426.0
22426.0
22422.0
22409.0
22424.0
22405.0
22395.0
22379.0
22384.0
22365.0
22369.0
22364.0
22364.0
22352.0
22344.0
22341.0
22350.0
22341.0
22342.0
22338.0
22335.0
22333.0
22338.0
22327.0
22320.0
22307.0
22307.0
22305.0
22303.0
22307.0
22292.0
22277.0
22288.0
22280.0
22295.0
22282.0
22273.0
22280.0
22277.0
22255.0
22249.0
22248.0
22249.0
22252.0
22264.0
22239.0
22224.0
22235.0
22231.0
22237.0
22239.0
22226.0
22232.0
22221.0
22226.0
22222.0
22217.0
22205.0
22202.0
22201.0
22202.0
22200.0
22203.0
22196.0
22199.0
22184.0
22172.0
22166.0
22156.0
22160.0
22151.0
22145.0
22140.0
22131.0
22135.0
22106.0
22102.0
22091.0
22092.0
22089.0
22089.0
22090.0
22073.0
22090.0
22070.0
22071.0
22072.0
22069.0
22071.0
22062.0
22073.0
22052.0
22053.0
22041.0
22045.0
22036.0
22035.0
22026.0
22018.0
22011.0
22007.0
22012.0
22010.0
21996.0
22013.0
22007.0
22004.0
21991.0
21996.0
21976.0
21991.0
21962.0
21969.0
21964.0
21962.0
21965.0
21957.0
21976.0
21981.0
21956.0
21959.0
21945.0
21946.0
21929.0
21909.0
21904.0
21915.0
21901.0
21886.0
21888.0
21877.0
21868.0
21861.0
21870.0
21854.0
21853.0
21839.0
21836.0
21844.0
21839.0
21832.0
21839.0
21833.0
21832.0
21846.0
21824.0
21828.0
21828.0
21804.0
21806.0
21810.0
21789.0
21795.0
21800.0
21798.0
21781.0
21781.0
21789.0
21764.0
21757.0
21768.0
21757.0
21751.0
21747.0
21746.0
21735.0
21720.0
21728.0
21730.0
21726.0
21723.0
21715.0
21720.0
21721.0
21714.0
21703.0
21707.0
21712.0
21696.0
21686.0
21692.0
21682.0
21684.0
21666.0
21683.0
21659.0
21661.0
21652.0
21657.0
21649.0
21633.0
21635.0
21634.0
21620.0
21624.0
21627.0
21619.0
21619.0
21622.0
21613.0
21619.0
21619.0
21616.0
21619.0
21611.0
21606.0
21609.0
21605.0
21593.0
21600.0
21590.0
21596.0
21601.0
21602.0
21585.0
21579.0
21582.0
21585.0
21594.0
21593.0
21589.0
21586.0
21589.0
21575.0
21579.0
21581.0
21581.0
21563.0
21556.0
21555.0
21546.0
21552.0
21565.0
21552.0
21530.0
21531.0
21527.0
21538.0
21544.0
21520.0
21531.0
21523.0
21520.0
21526.0
21513.0
21530.0
21514.0
21527.0
21518.0
21533.0
21526.0
21512.0
21506.0
21509.0
21504.0
21489.0
21486.0
21467.0
21470.0
21465.0
21470.0
21457.0
21465.0
21456.0
21461.0
21455.0
21448.0
21442.0
21444.0
21434.0
21430.0
21429.0
21419.0
21413.0
21412.0
21416.0
21424.0
21424.0
21417.0
21405.0
21409.0
21405.0
21412.0
21406.0
21411.0
21398.0
21376.0
21378.0
21381.0
21374.0
21379.0
21377.0
21374.0
21371.0
21377.0
21375.0
21365.0
21361.0
21391.0
21370.0
21379.0
21381.0
21378.0
21371.0
21362.0
21374.0
21384.0
21366.0
21357.0
21358.0
21349.0
21352.0
21349.0
21357.0
21340.0
21339.0
21338.0
21342.0
21336.0
21318.0
21314.0
21324.0
21309.0
21311.0
21294.0
21304.0
21298.0
21285.0
21280.0
21281.0
21284.0
21277.0
21279.0
21285.0
21272.0
21268.0
21258.0
21254.0
21242.0
21236.0
21233.0
21239.0
21228.0
21233.0
21226.0
21229.0
21206.0
21194.0
21196.0
21190.0
21190.0
21190.0
21167.0
21170.0
21173.0
21169.0
21163.0
21154.0
21156.0
21145.0
21131.0
21131.0
21122.0
21113.0
21123.0
21115.0
21120.0
21123.0
21125.0
21109.0
21128.0
21109.0
21109.0
21105.0
21117.0
21100.0
21105.0
21101.0
21088.0
21094.0
21088.0
21078.0
21081.0
21064.0
21049.0
21033.0
21040.0
21031.0
21046.0
21048.0
21034.0
21022.0
21032.0
21023.0
21020.0
21018.0
21015.0
21018.0
21009.0
20997.0
20997.0
20996.0
20994.0
21007.0
20995.0
20972.0
20971.0
20973.0
20963.0
20963.0
20957.0
20955.0
20955.0
20941.0
20936.0
20934.0
20923.0
20922.0
20927.0
20930.0
20913.0
20932.0
20919.0
20914.0
20910.0
20913.0
20907.0
20910.0
20917.0
20903.0
20917.0
20907.0
20881.0
20887.0
20897.0
20872.0
20879.0
20871.0
20865.0
20864.0
20869.0
20867.0
20861.0
20841.0
20853.0
20851.0
20846.0
20846.0
20846.0
20849.0
20853.0
20847.0
20830.0
20832.0
20821.0
20822.0
20820.0
20828.0
20819.0
20829.0
20829.0
20815.0
20818.0
20809.0
20803.0
20794.0
20777.0
20782.0
20757.0
20763.0
20732.0
20741.0
20737.0
20739.0
20732.0
20720.0
20718.0
20726.0
20716.0
20717.0
20705.0
20715.0
20704.0
20689.0
20682.0
20679.0
20688.0
20677.0
20664.0
20669.0
20677.0
20676.0
20664.0
20659.0
20658.0
20654.0
20662.0
20651.0
20666.0
20649.0
20644.0
20632.0
20638.0
20639.0
20642.0
20646.0
20639.0
20639.0
20630.0
20630.0
20621.0
20621.0
20617.0
20609.0
20609.0
20608.0
20605.0
20597.0
20600.0
20597.0
20588.0
20581.0
20569.0
20577.0
20587.0
20566.0
20568.0
20559.0
20562.0
20554.0
20544.0
20540.0
20537.0
20534.0
20523.0
20530.0
20522.0
20507.0
20494.0
20503.0
20501.0
20492.0
20478.0
20489.0
20493.0
20483.0
20471.0
20466.0
20466.0
20463.0
20480.0
20457.0
20461.0
20449.0
20436.0
20424.0
20421.0
20420.0
20424.0
20427.0
20427.0
20403.0
20412.0
20418.0
20413.0
20402.0
20411.0
20392.0
20380.0
20397.0
20373.0
20388.0
20375.0
20365.0
20379.0
20378.0
20358.0
20372.0
20364.0
20361.0
20362.0
20358.0
20357.0
20353.0
20347.0
20348.0
20346.0
20343.0
20352.0
20333.0
20337.0
20338.0
20335.0
20316.0
20306.0
20296.0
20281.0
20251.0
20249.0
20250.0
20260.0
20238.0
20245.0
20245.0
20232.0
20233.0
20222.0
20231.0
20222.0
20217.0
20227.0
20220.0
20225.0
20222.0
20200.0
20210.0
20188.0
20199.0
20199.0
20182.0
20194.0
20166.0
20177.0
20183.0
20179.0
20164.0
20170.0
20175.0
20149.0
20146.0
20161.0
20145.0
20141.0
20136.0
20132.0
20108.0
20126.0
20123.0
20120.0
20118.0
20113.0
20113.0
20110.0
20101.0
20104.0
20106.0
20105.0
20090.0
20088.0
20079.0
20089.0
20063.0
20065.0
20053.0
20048.0
20058.0
20046.0
20050.0
20032.0
20046.0
20039.0
20018.0
20017.0
20019.0
20013.0
20034.0
20004.0
20016.0
20001.0
20012.0
20002.0
19995.0
19976.0
19967.0
19963.0
19963.0
19969.0
19951.0
19931.0
19943.0
19939.0
19926.0
19932.0
19944.0
19921.0
19921.0
19921.0
19907.0
19904.0
19901.0
19906.0
19896.0
19886.0
19871.0
19865.0
19870.0
19858.0
19864.0
19862.0
19868.0
19863.0
19859.0
19852.0
19839.0
19848.0
19843.0
19823.0
19826.0
19824.0
19820.0
19816.0
19816.0
19809.0
19810.0
19799.0
19795.0
19793.0
19788.0
19795.0
19787.0
19790.0
19794.0
19796.0
19791.0
19796.0
19795.0
19796.0
19788.0
19784.0
19783.0
19775.0
19773.0
19768.0
19766.0
19770.0
19767.0
19763.0
19766.0
19763.0
19775.0
19767.0
19769.0
19760.0
19759.0
19764.0
19759.0
19762.0
19762.0
19756.0
19740.0
19742.0
19744.0
19744.0
19740.0
19744.0
19746.0
19736.0
19744.0
19737.0
19735.0
19728.0
19719.0
19719.0
19728.0
19728.0
19715.0
19703.0
19705.0
19713.0
19696.0
19692.0
19697.0
19699.0
19707.0
19691.0
19701.0
19689.0
19692.0
19693.0
19691.0
19680.0
19675.0
19683.0
19658.0
19650.0
19647.0
19641.0
19639.0
19642.0
19636.0
19628.0
19620.0
19614.0
19618.0
19601.0
19597.0
19596.0
19604.0
19599.0
19606.0
19607.0
19595.0
19599.0
19591.0
19580.0
19588.0
19581.0
19578.0
19577.0
19567.0
19563.0
19571.0
19570.0
19562.0
19558.0
19555.0
19542.0
19546.0
19546.0
19530.0
19530.0
19530.0
19536.0
19530.0
19516.0
19526.0
19521.0
19508.0
19515.0
19510.0
19510.0
19508.0
19494.0
19496.0
19511.0
19501.0
19507.0
19508.0
19497.0
19498.0
19494.0
19496.0
19488.0
19483.0
19486.0
19482.0
19474.0
19472.0
19472.0
19466.0
19474.0
19461.0
19466.0
19456.0
19452.0
19450.0
19450.0
19454.0
19454.0
19452.0
19444.0
19448.0
19448.0
19439.0
19435.0
19426.0
19430.0
19436.0
19422.0
19421.0
19417.0
19418.0
19429.0
19410.0
19404.0
19395.0
19410.0
19416.0
19403.0
19403.0
19393.0
19402.0
19406.0
19396.0
19393.0
19398.0
19389.0
19378.0
19397.0
19388.0
19380.0
19374.0
19374.0
19382.0
19369.0
19363.0
19364.0
19360.0
19359.0
19369.0
19367.0
19378.0
19360.0
19366.0
19354.0
19346.0
19349.0
19361.0
19353.0
19342.0
19341.0
19335.0
19332.0
19320.0
19305.0
19298.0
19305.0
19296.0
19294.0
19278.0
19284.0
19278.0
19277.0
19274.0
19269.0
19280.0
19282.0
19272.0
19268.0
19260.0
19276.0
19268.0
19264.0
19248.0
19251.0
19252.0
19249.0
19257.0
19244.0
19243.0
19241.0
19236.0
19238.0
19233.0
19233.0
19220.0
19198.0
19220.0
19206.0
19200.0
19220.0
19226.0
19224.0
19213.0
19205.0
19215.0
19205.0
19201.0
19206.0
19189.0
19188.0
19190.0
19176.0
19185.0
19176.0
19185.0
19169.0
19183.0
19157.0
19172.0
19162.0
19165.0
19158.0
19155.0
19153.0
19155.0
19136.0
19153.0
19133.0
19125.0
19119.0
19108.0
19107.0
19106.0
19091.0
19089.0
19088.0
19097.0
19088.0
19080.0
19085.0
19077.0
19082.0
19076.0
19057.0
19067.0
19067.0
19055.0
19050.0
19040.0
19046.0
19040.0
19040.0
19045.0
19037.0
19033.0
19033.0
19005.0
19000.0
19004.0
18971.0
18988.0
18975.0
18965.0
18969.0
18969.0
18968.0
18945.0
18930.0
18924.0
18920.0
18925.0
18917.0
18901.0
18891.0
18903.0
18891.0
18887.0
18886.0
18894.0
18895.0
18883.0
18877.0
18878.0
18876.0
18864.0
18868.0
18869.0
18860.0
18849.0
18851.0
18826.0
18835.0
18849.0
18829.0
18831.0
18827.0
18817.0
18818.0
18803.0
18798.0
18777.0
18766.0
18777.0
18768.0
18761.0
18756.0
18758.0
18743.0
18739.0
18743.0
18739.0
18741.0
18737.0
18736.0
18729.0
18738.0
18739.0
18734.0
18723.0
18729.0
18715.0
18714.0
18719.0
18705.0
18708.0
18719.0
18707.0
18694.0
18717.0
18689.0
18695.0
18678.0
18680.0
18680.0
18668.0
18656.0
18655.0
18652.0
18652.0
18657.0
18652.0
18645.0
18643.0
18650.0
18642.0
18641.0
18635.0
18639.0
18640.0
18636.0
18632.0
18632.0
18636.0
18638.0
18631.0
18633.0
18637.0
18621.0
18618.0
18603.0
18603.0
18604.0
18603.0
18600.0
18603.0
18611.0
18610.0
18593.0
18592.0
18600.0
18581.0
18591.0
18591.0
18585.0
18586.0
18573.0
18572.0
18568.0
18563.0
18549.0
18563.0
18557.0
18562.0
18544.0
18520.0
18534.0
18529.0
18523.0
18505.0
18495.0
18496.0
18488.0
18495.0
18480.0
18488.0
18476.0
18468.0
18460.0
18457.0
18444.0
18446.0
18434.0
18427.0
18422.0
18420.0
18416.0
18412.0
18393.0
18382.0
18388.0
18389.0
18380.0
18378.0
18387.0
18369.0
18358.0
18363.0
18348.0
18351.0
18349.0
18356.0
18340.0
18329.0
18325.0
18324.0
18324.0
18319.0
18311.0
18314.0
18315.0
18312.0
18305.0
18309.0
18303.0
18302.0
18296.0
18303.0
18288.0
18275.0
18281.0
18273.0
18258.0
18256.0
18243.0
18234.0
18242.0
18238.0
18236.0
18226.0
18221.0
18215.0
18194.0
18187.0
18191.0
18190.0
18190.0
18186.0
18198.0
18186.0
18184.0
18171.0
18163.0
18160.0
18162.0
18158.0
18156.0
18149.0
18145.0
18150.0
18150.0
18148.0
18144.0
18141.0
18151.0
18148.0
18143.0
18137.0
18144.0
18136.0
18136.0
18129.0
18144.0
18140.0
18124.0
18125.0
18126.0
18130.0
18121.0
18141.0
18127.0
18129.0
18120.0
18116.0
18124.0
18117.0
18115.0
18106.0
18107.0
18107.0
18102.0
18089.0
18090.0
18084.0
18080.0
18085.0
18093.0
18085.0
18097.0
18100.0
18092.0
18081.0
18078.0
18075.0
18065.0
18082.0
18070.0
18068.0
18063.0
18063.0
18065.0
18049.0
18046.0
18055.0
18050.0
18043.0
18056.0
18038.0
18041.0
18026.0
18061.0
18026.0
18029.0
18021.0
18011.0
18021.0
18004.0
18001.0
18004.0
18005.0
18003.0
18009.0
18005.0
18003.0
17992.0
17998.0
17984.0
17997.0
17982.0
17983.0
17979.0
17986.0
17973.0
17991.0
17970.0
17963.0
17962.0
17960.0
17961.0
17929.0
17932.0
17944.0
17940.0
17924.0
17933.0
17923.0
17910.0
17900.0
17906.0
17892.0
17886.0
17881.0
17870.0
17868.0
17860.0
17874.0
17851.0
17856.0
17856.0
17863.0
17847.0
17841.0
17852.0
17838.0
17833.0
17828.0
17839.0
17826.0
17816.0
17809.0
17813.0
17814.0
17799.0
17812.0
17794.0
17787.0
17792.0
17784.0
17799.0
17788.0
17781.0
17760.0
17763.0
17772.0
17749.0
17744.0
17732.0
17727.0
17721.0
17716.0
17722.0
17712.0
17709.0
17721.0
17698.0
17711.0
17708.0
17712.0
17713.0
17695.0
17701.0
17693.0
17701.0
17683.0
17693.0
17686.0
17695.0
17690.0
17678.0
17681.0
17670.0
17665.0
17671.0
17669.0
17649.0
17663.0
17668.0
17653.0
17651.0
17644.0
17625.0
17642.0
17628.0
17616.0
17611.0
17606.0
17603.0
17602.0
17595.0
17588.0
17591.0
17586.0
17578.0
17576.0
17577.0
17581.0
17578.0
17581.0
17552.0
17543.0
17557.0
17540.0
17548.0
17554.0
17544.0
17540.0
17529.0
17515.0
17506.0
17498.0
17489.0
17477.0
17465.0
17461.0
17467.0
17467.0
17471.0
17456.0
17450.0
17445.0
17451.0
17435.0
17443.0
17429.0
17431.0
17445.0
17436.0
17435.0
17422.0
17437.0
17424.0
17417.0
17431.0
17417.0
17408.0
17411.0
17400.0
17402.0
17400.0
17398.0
17395.0
17378.0
17396.0
17384.0
17392.0
17368.0
17378.0
17380.0
17369.0
17366.0
17366.0
17367.0
17362.0
17353.0
17336.0
17328.0
17328.0
17336.0
17327.0
17326.0
17313.0
17306.0
17302.0
17303.0
17300.0
17302.0
17274.0
17288.0
17285.0
17288.0
17282.0
17292.0
17281.0
17270.0
17261.0
17239.0
17237.0
17228.0
17214.0
17218.0
17209.0
17204.0
17203.0
17201.0
17209.0
17188.0
17186.0
17169.0
17168.0
17153.0
17154.0
17164.0
17172.0
17156.0
17158.0
17163.0
17150.0
17126.0
17139.0
17118.0
17139.0
17125.0
17111.0
17105.0
17109.0
17109.0
17109.0
17095.0
17094.0
17089.0
17080.0
17081.0
17072.0
17072.0
17071.0
17060.0
17051.0
17033.0
17028.0
17027.0
17026.0
17015.0
17024.0
17020.0
17021.0
17025.0
17012.0
17014.0
16995.0
16990.0
16985.0
17001.0
16978.0
16971.0
16974.0
16976.0
16965.0
16959.0
16961.0
16972.0
16965.0
16971.0
16952.0
16964.0
16960.0
16949.0
16952.0
16955.0
16938.0
16940.0
16937.0
16942.0
16930.0
16941.0
16931.0
16927.0
16920.0
16904.0
16913.0
16916.0
16922.0
16904.0
16905.0
16891.0
16909.0
16908.0
16892.0
16898.0
16898.0
16882.0
16872.0
16868.0
16863.0
16870.0
16855.0
16854.0
16847.0
16833.0
16830.0
16827.0
16821.0
16798.0
16827.0
16817.0
16812.0
16796.0
16794.0
16798.0
16790.0
16788.0
16774.0
16766.0
16762.0
16762.0
16768.0
16742.0
16750.0
16733.0
16738.0
16731.0
16730.0
16711.0
16706.0
16700.0
16699.0
16704.0
16674.0
16677.0
16667.0
16662.0
16662.0
16667.0
16648.0
16651.0
16652.0
16644.0
16647.0
16635.0
16634.0
16636.0
16631.0
16637.0
16628.0
16626.0
16623.0
16619.0
16615.0
16599.0
16607.0
16612.0
16601.0
16601.0
16603.0
16597.0
16598.0
16593.0
16599.0
16591.0
16577.0
16574.0
16573.0
16564.0
16566.0
16544.0
16533.0
16525.0
16525.0
16512.0
16509.0
16499.0
16503.0
16500.0
16499.0
16490.0
16500.0
16490.0
16488.0
16485.0
16478.0
16470.0
16470.0
16471.0
16469.0
16467.0
16457.0
16456.0
16454.0
16454.0
16443.0
16440.0
16437.0
16435.0
16438.0
16436.0
16433.0
16429.0
16424.0
16433.0
16419.0
16423.0
16413.0
16404.0
16413.0
16415.0
16411.0
16416.0
16415.0
16412.0
16403.0
16411.0
16408.0
16407.0
16397.0
16401.0
16405.0
16388.0
16392.0
16387.0
16389.0
16383.0
16365.0
16380.0
16372.0
16366.0
16365.0
16362.0
16346.0
16352.0
16355.0
16352.0
16352.0
16336.0
16348.0
16347.0
16345.0
16332.0
16328.0
16341.0
16333.0
16327.0
16325.0
16351.0
16317.0
16320.0
16327.0
16319.0
16329.0
16322.0
16319.0
16327.0
16301.0
16317.0
16303.0
16309.0
16288.0
16286.0
16296.0
16288.0
16272.0
16282.0
16270.0
16256.0
16259.0
16257.0
16230.0
16239.0
16241.0
16231.0
16228.0
16226.0
16229.0
16210.0
16213.0
16201.0
16207.0
16209.0
16200.0
16201.0
16207.0
16205.0
16205.0
16211.0
16202.0
16195.0
16190.0
16181.0
16192.0
16189.0
16180.0
16171.0
16175.0
16178.0
16163.0
16153.0
16149.0
16145.0
16151.0
16151.0
16135.0
16136.0
16134.0
16140.0
16136.0
16133.0
16133.0
16116.0
16116.0
16098.0
16108.0
16103.0
16102.0
16099.0
16087.0
16073.0
16078.0
16080.0
16069.0
16068.0
16061.0
16072.0
16053.0
16044.0
16029.0
16039.0
16039.0
16028.0
16032.0
16034.0
16028.0
16017.0
16018.0
16025.0
16018.0
16021.0
16022.0
16020.0
16013.0
16004.0
15991.0
15980.0
15989.0
15973.0
15973.0
15979.0
15978.0
15969.0
15973.0
15977.0
15976.0
15973.0
15980.0
15964.0
15966.0
15961.0
15943.0
15930.0
15934.0
15937.0
15919.0
15927.0
15929.0
15922.0
15917.0
15909.0
15901.0
15899.0
15891.0
15903.0
15893.0
15887.0
15873.0
15879.0
15876.0
15872.0
15866.0
15857.0
15860.0
15845.0
15861.0
15862.0
15852.0
15846.0
15848.0
15841.0
15835.0
15835.0
15817.0
15821.0
15797.0
15799.0
15785.0
15796.0
15798.0
15797.0
15787.0
15789.0
15775.0
15778.0
15777.0
15775.0
15772.0
15775.0
15768.0
15758.0
15760.0
15761.0
15743.0
15740.0
15741.0
15739.0
15740.0
15731.0
15737.0
15724.0
15713.0
15708.0
15707.0
15717.0
15715.0
15714.0
15704.0
15688.0
15707.0
15698.0
15705.0
15683.0
15674.0
15672.0
15664.0
15659.0
15661.0
15655.0
15654.0
15654.0
15650.0
15640.0
15653.0
15630.0
15631.0
15635.0
15639.0
15633.0
15637.0
15640.0
15607.0
15618.0
15607.0
15608.0
15614.0
15600.0
15603.0
15599.0
15603.0
15608.0
15604.0
15596.0
15594.0
15586.0
15593.0
15584.0
15594.0
15594.0
15597.0
15587.0
15585.0
15589.0
15588.0
15577.0
15577.0
15585.0
15569.0
15581.0
15572.0
15572.0
15570.0
15568.0
15575.0
15573.0
15568.0
15566.0
15570.0
15571.0
15568.0
15570.0
15550.0
15558.0
15552.0
15555.0
15552.0
15548.0
15546.0
15530.0
15543.0
15521.0
15530.0
15519.0
15531.0
15527.0
15529.0
15506.0
15513.0
15504.0
15505.0
15511.0
15517.0
15506.0
15501.0
15500.0
15483.0
15498.0
15493.0
15500.0
15493.0
15493.0
15486.0
15491.0
15497.0
15489.0
15477.0
15472.0
15469.0
15466.0
15472.0
15463.0
15467.0
15453.0
15445.0
15441.0
15446.0
15459.0
15438.0
15457.0
15431.0
15435.0
15440.0
15429.0
15428.0
15412.0
15403.0
15419.0
15409.0
15407.0
15416.0
15406.0
15395.0
15392.0
15393.0
15376.0
15368.0
15387.0
15361.0
15370.0
15361.0
15353.0
15363.0
15358.0
15358.0
15332.0
15319.0
15327.0
15317.0
15310.0
15302.0
15283.0
15276.0
15271.0
15269.0
15273.0
15269.0
15260.0
15248.0
15240.0
15239.0
15228.0
15232.0
15235.0
15230.0
15233.0
15235.0
15228.0
15227.0
15210.0
15197.0
15195.0
15197.0
15185.0
15181.0
15181.0
15181.0
15179.0
15171.0
15176.0
15172.0
15155.0
15160.0
15169.0
15161.0
15154.0
15157.0
15169.0
15156.0
15155.0
15162.0
15142.0
15138.0
15137.0
15140.0
15135.0
15119.0
15114.0
15107.0
15107.0
15101.0
15103.0
15092.0
15095.0
15084.0
15085.0
15079.0
15085.0
15083.0
15080.0
15075.0
15066.0
15072.0
15067.0
15064.0
15074.0
15050.0
15058.0
15052.0
15060.0
15037.0
15033.0
15032.0
15017.0
15026.0
15011.0
15011.0
15013.0
15004.0
14997.0
14993.0
14995.0
14994.0
14994.0
14993.0
14980.0
14967.0
14964.0
14968.0
14964.0
14955.0
14957.0
14938.0
14929.0
14940.0
14924.0
14932.0
14934.0
14932.0
14931.0
14932.0
14921.0
14930.0
14922.0
14928.0
14925.0
14912.0
14907.0
14901.0
14900.0
14906.0
14901.0
14897.0
14910.0
14900.0
14892.0
14890.0
14879.0
14882.0
14869.0
14861.0
14867.0
14870.0
14868.0
14868.0
14861.0
14847.0
14835.0
14839.0
14838.0
14831.0
14837.0
14827.0
14812.0
14814.0
14807.0
14814.0
14809.0
14804.0
14790.0
14801.0
14809.0
14786.0
14775.0
14772.0
14760.0
14760.0
14753.0
14763.0
14747.0
14740.0
14738.0
14727.0
14729.0
14719.0
14717.0
14712.0
14699.0
14706.0
14702.0
14685.0
14698.0
14692.0
14685.0
14681.0
14672.0
14644.0
14644.0
14645.0
14637.0
14638.0
14636.0
14640.0
14647.0
14624.0
14618.0
14630.0
14616.0
14619.0
14616.0
14607.0
14611.0
14602.0
14605.0
14598.0
14589.0
14596.0
14581.0
14580.0
14578.0
14570.0
14572.0
14568.0
14566.0
14561.0
14544.0
14554.0
14550.0
14536.0
14519.0
14524.0
14509.0
14515.0
14506.0
14511.0
14501.0
14499.0
14500.0
14502.0
14491.0
14490.0
14487.0
14482.0
14470.0
14456.0
14458.0
14444.0
14436.0
14442.0
14438.0
14436.0
14441.0
14441.0
14436.0
14438.0
14428.0
14429.0
14422.0
14423.0
14416.0
14414.0
14407.0
14415.0
14401.0
14415.0
14394.0
14396.0
14401.0
14380.0
14393.0
14395.0
14391.0
14392.0
14406.0
14388.0
14399.0
14390.0
14389.0
14395.0
14390.0
14384.0
14388.0
14380.0
14356.0
14370.0
14367.0
14361.0
14356.0
14343.0
14351.0
14346.0
14353.0
14347.0
14342.0
14327.0
14311.0
14305.0
14313.0
14300.0
14293.0
14292.0
14283.0
14269.0
14273.0
14275.0
14275.0
14275.0
14268.0
14282.0
14277.0
14269.0
14270.0
14258.0
14252.0
14250.0
14244.0
14240.0
14239.0
14229.0
14233.0
14225.0
14221.0
14223.0
14202.0
14237.0
14214.0
14224.0
14228.0
14224.0
14217.0
14215.0
14220.0
14202.0
14203.0
14190.0
14192.0
14171.0
14181.0
14179.0
14166.0
14171.0
14174.0
14162.0
14143.0
14139.0
14136.0
14117.0
14114.0
14108.0
14105.0
14107.0
14106.0
14097.0
14088.0
14092.0
14087.0
14081.0
14088.0
14089.0
14071.0
14073.0
14070.0
14069.0
14061.0
14058.0
14058.0
14059.0
14074.0
14053.0
14052.0
14040.0
14033.0
14024.0
14034.0
14031.0
14030.0
14030.0
14035.0
14026.0
14032.0
14026.0
14022.0
14030.0
14033.0
14022.0
14022.0
14027.0
14022.0
14004.0
14005.0
14013.0
14012.0
14011.0
14006.0
14009.0
14002.0
13988.0
13989.0
13999.0
13979.0
13985.0
13984.0
13981.0
13978.0
13975.0
13965.0
13968.0
13964.0
13967.0
13953.0
13954.0
13951.0
13936.0
13947.0
13940.0
13932.0
13938.0
13950.0
13936.0
13924.0
13927.0
13923.0
13905.0
13901.0
13898.0
13904.0
13902.0
13892.0
13884.0
13879.0
13882.0
13884.0
13872.0
13864.0
13852.0
13857.0
13856.0
13848.0
13845.0
13834.0
13822.0
13824.0
13832.0
13826.0
13829.0
13813.0
13812.0
13803.0
13808.0
13800.0
13784.0
13781.0
13776.0
13771.0
13766.0
13760.0
13768.0
13764.0
13761.0
13748.0
13757.0
13740.0
13750.0
13737.0
13736.0
13731.0
13724.0
13725.0
13730.0
13720.0
13715.0
13702.0
13710.0
13697.0
13684.0
13685.0
13687.0
13690.0
13670.0
13689.0
13676.0
13685.0
13669.0
13655.0
13661.0
13644.0
13642.0
13643.0
13649.0
13642.0
13634.0
13641.0
13637.0
13634.0
13645.0
13619.0
13625.0
13643.0
13622.0
13622.0
13617.0
13597.0
13587.0
13591.0
13577.0
13590.0
13590.0
13590.0
13584.0
13579.0
13573.0
13576.0
13571.0
13557.0
13551.0
13543.0
13542.0
13545.0
13538.0
13539.0
13534.0
13535.0
13540.0
13544.0
13537.0
13534.0
13534.0
13525.0
13535.0
13519.0
13524.0
13519.0
13512.0
13504.0
13495.0
13487.0
13489.0
13490.0
13488.0
13486.0
13476.0
13479.0
13484.0
13480.0
13468.0
13467.0
13460.0
13456.0
13465.0
13469.0
13462.0
13456.0
13448.0
13438.0
13448.0
13439.0
13432.0
13435.0
13433.0
13435.0
13429.0
13438.0
13440.0
13430.0
13429.0
13424.0
13423.0
13426.0
13426.0
13423.0
13433.0
13428.0
13412.0
13404.0
13412.0
13413.0
13409.0
13387.0
13396.0
13408.0
13394.0
13400.0
13395.0
13394.0
13405.0
13403.0
13401.0
13383.0
13400.0
13388.0
13376.0
13377.0
13389.0
13369.0
13367.0
13353.0
13352.0
13358.0
13363.0
13347.0
13352.0
13344.0
13346.0
13332.0
13340.0
13339.0
13336.0
13331.0
13333.0
13321.0
13323.0
13305.0
13313.0
13308.0
13295.0
13292.0
13289.0
13290.0
13291.0
13281.0
13281.0
13269.0
13286.0
13268.0
13264.0
13272.0
13271.0
13266.0
13258.0
13255.0
13235.0
13225.0
13221.0
13224.0
13220.0
13210.0
13223.0
13217.0
13212.0
13199.0
13187.0
13182.0
13196.0
13179.0
13188.0
13176.0
13193.0
13168.0
13167.0
13146.0
13133.0
13142.0
13128.0
13117.0
13111.0
13119.0
13116.0
13100.0
13096.0
13102.0
13083.0
13094.0
13085.0
13087.0
13075.0
13073.0
13070.0
13082.0
13070.0
13056.0
13056.0
13056.0
13045.0
13037.0
13039.0
13039.0
13023.0
13034.0
13022.0
13028.0
13022.0
13010.0
13007.0
13004.0
13006.0
13013.0
13018.0
13000.0
12989.0
12985.0
12987.0
12963.0
12982.0
12978.0
12969.0
12966.0
12960.0
12957.0
12940.0
12929.0
12936.0
12941.0
12929.0
12934.0
12932.0
12933.0
12915.0
12910.0
12911.0
12894.0
12887.0
12891.0
12879.0
12875.0
12869.0
12858.0
12861.0
12856.0
12845.0
12854.0
12841.0
12840.0
12847.0
12833.0
12839.0
12834.0
12840.0
12822.0
12828.0
12826.0
12819.0
12807.0
12821.0
12810.0
12811.0
12800.0
12806.0
12796.0
12811.0
12791.0
12788.0
12778.0
12792.0
12778.0
12771.0
12770.0
12764.0
12760.0
12770.0
12760.0
12745.0
12748.0
12732.0
12721.0
12724.0
12727.0
12705.0
12699.0
12687.0
12690.0
12682.0
12683.0
12676.0
12676.0
12670.0
12672.0
12650.0
12659.0
12647.0
12643.0
12641.0
12648.0
12647.0
12630.0
12630.0
12627.0
12628.0
12617.0
12610.0
12606.0
12592.0
12606.0
12583.0
12571.0
12572.0
12584.0
12584.0
12576.0
12568.0
12583.0
12560.0
12540.0
12544.0
12533.0
12539.0
12545.0
12527.0
12521.0
12513.0
12516.0
12521.0
12517.0
12503.0
12512.0
12518.0
12516.0
12495.0
12491.0
12489.0
12475.0
12486.0
12475.0
12457.0
12455.0
12465.0
12478.0
12470.0
12474.0
12456.0
12463.0
12452.0
12433.0
12428.0
12415.0
12424.0
12390.0
12399.0
12410.0
12388.0
12383.0
12386.0
12389.0
12373.0
12355.0
12362.0
12354.0
12338.0
12361.0
12339.0
12330.0
12331.0
12328.0
12335.0
12324.0
12312.0
12319.0
12311.0
12312.0
12321.0
12311.0
12315.0
12308.0
12298.0
12296.0
12295.0
12291.0
12290.0
12285.0
12279.0
12289.0
12284.0
12276.0
12273.0
12260.0
12283.0
12281.0
12284.0
12280.0
12285.0
12266.0
12259.0
12263.0
12271.0
12246.0
12260.0
12254.0
12263.0
12241.0
12229.0
12225.0
12220.0
12221.0
12217.0
12199.0
12188.0
12186.0
12180.0
12180.0
12166.0
12159.0
12146.0
12143.0
12148.0
12132.0
12126.0
12128.0
12127.0
12117.0
12113.0
12109.0
12101.0
12109.0
12108.0
12107.0
12100.0
12091.0
12087.0
12095.0
12087.0
12082.0
12079.0
12083.0
12081.0
12077.0
12079.0
12077.0
12077.0
12063.0
12068.0
12061.0
12065.0
12056.0
12056.0
12054.0
12057.0
12052.0
12049.0
12045.0
12034.0
12045.0
12035.0
12031.0
12031.0
12024.0
12025.0
12013.0
12012.0
12006.0
12021.0
12022.0
12012.0
12015.0
12014.0
12015.0
12011.0
11998.0
12013.0
12004.0
12011.0
12010.0
12006.0
12004.0
11996.0
12009.0
11998.0
11995.0
12001.0
11988.0
11997.0
11983.0
11983.0
11983.0
11974.0
11976.0
11968.0
11949.0
11953.0
11947.0
11945.0
11943.0
11943.0
11934.0
11935.0
11933.0
11928.0
11921.0
11913.0
11909.0
11907.0
11906.0
11900.0
11892.0
11904.0
11884.0
11903.0
11886.0
11885.0
11876.0
11874.0
11878.0
11883.0
11867.0
11876.0
11876.0
11859.0
11873.0
11881.0
11871.0
11868.0
11869.0
11859.0
11848.0
11852.0
11844.0
11850.0
11855.0
11840.0
11844.0
11831.0
11833.0
11831.0
11837.0
11841.0
11832.0
11824.0
11826.0
11829.0
11828.0
11826.0
11829.0
11820.0
11830.0
11828.0
11823.0
11807.0
11807.0
11804.0
11809.0
11803.0
11804.0
11803.0
11785.0
11791.0
11788.0
11789.0
11776.0
11775.0
11780.0
11781.0
11778.0
11773.0
11772.0
11775.0
11762.0
11771.0
11748.0
11759.0
11764.0
11751.0
11747.0
11755.0
11758.0
11749.0
11745.0
11739.0
11745.0
11718.0
11736.0
11732.0
11725.0
11722.0
11721.0
11693.0
11705.0
11685.0
11684.0
11679.0
11675.0
11661.0
11677.0
11665.0
11660.0
11658.0
11643.0
11644.0
11638.0
11644.0
11625.0
11620.0
11615.0
11616.0
11624.0
11615.0
11610.0
11612.0
11601.0
11588.0
11583.0
11587.0
11580.0
11573.0
11572.0
11551.0
11556.0
11563.0
11572.0
11575.0
11571.0
11552.0
11536.0
11546.0
11533.0
11526.0
11524.0
11522.0
11523.0
11502.0
11501.0
11506.0
11499.0
11492.0
11480.0
11486.0
11484.0
11485.0
11466.0
11475.0
11454.0
11449.0
11452.0
11453.0
11441.0
11426.0
11434.0
11438.0
11430.0
11427.0
11425.0
11425.0
11417.0
11436.0
11424.0
11418.0
11422.0
11408.0
11417.0
11412.0
11399.0
11405.0
11408.0
11400.0
11408.0
11396.0
11390.0
11392.0
11391.0
11378.0
11368.0
11372.0
11364.0
11362.0
11367.0
11352.0
11348.0
11339.0
11359.0
11347.0
11343.0
11351.0
11331.0
11345.0
11330.0
11320.0
11322.0
11313.0
11310.0
11305.0
11306.0
11315.0
11295.0
11296.0
11315.0
11301.0
11297.0
11287.0
11290.0
11294.0
11285.0
11291.0
11282.0
11273.0
11277.0
11284.0
11273.0
11274.0
11266.0
11257.0
11257.0
11253.0
11261.0
11255.0
11249.0
11252.0
11240.0
11234.0
11231.0
11217.0
11221.0
11199.0
11188.0
11184.0
11190.0
11178.0
11172.0
11177.0
11161.0
11179.0
11162.0
11167.0
11159.0
11159.0
11171.0
11165.0
11157.0
11162.0
11158.0
11159.0
11152.0
11135.0
11141.0
11138.0
11148.0
11122.0
11127.0
11132.0
11131.0
11116.0
11116.0
11117.0
11123.0
11120.0
11121.0
11111.0
11117.0
11119.0
11103.0
11110.0
11097.0
11100.0
11096.0
11090.0
11079.0
11081.0
11081.0
11076.0
11085.0
11067.0
11042.0
11043.0
11044.0
11049.0
11035.0
11030.0
11043.0
11027.0
11034.0
11026.0
11017.0
11012.0
11012.0
11010.0
11008.0
11012.0
11012.0
11008.0
11018.0
11002.0
10988.0
10988.0
10990.0
10997.0
11000.0
10990.0
10985.0
10963.0
10976.0
10972.0
10961.0
10966.0
10972.0
10946.0
10949.0
10951.0
10950.0
10927.0
10938.0
10910.0
10900.0
10897.0
10896.0
10899.0
10892.0
10894.0
10884.0
10884.0
10878.0
10885.0
10879.0
10862.0
10865.0
10858.0
10860.0
10857.0
10869.0
10864.0
10863.0
10854.0
10847.0
10849.0
10848.0
10833.0
10838.0
10839.0
10826.0
10822.0
10810.0
10794.0
10796.0
10790.0
10781.0
10780.0
10784.0
10786.0
10783.0
10774.0
10774.0
10758.0
10773.0
10771.0
10765.0
10772.0
10772.0
10765.0
10763.0
10766.0
10749.0
10755.0
10760.0
10761.0
10760.0
10749.0
10745.0
10758.0
10746.0
10743.0
10737.0
10747.0
10743.0
10738.0
10742.0
10735.0
10747.0
10721.0
10731.0
10730.0
10725.0
10725.0
10726.0
10726.0
10726.0
10710.0
10711.0
10700.0
10705.0
10713.0
10694.0
10711.0
10682.0
10681.0
10670.0
10666.0
10659.0
10666.0
10664.0
10665.0
10661.0
10657.0
10652.0
10651.0
10657.0
10646.0
10633.0
10643.0
10630.0
10636.0
10634.0
10619.0
10633.0
10622.0
10623.0
10618.0
10623.0
10606.0
10605.0
10608.0
10606.0
10587.0
10583.0
10588.0
10593.0
10579.0
10591.0
10578.0
10588.0
10570.0
10574.0
10560.0
10558.0
10557.0
10549.0
10544.0
10555.0
10537.0
10539.0
10534.0
10534.0
10533.0
10529.0
10509.0
10520.0
10504.0
10498.0
10485.0
10497.0
10491.0
10477.0
10486.0
10461.0
10454.0
10461.0
10447.0
10449.0
10441.0
10439.0
10428.0
10426.0
10423.0
10429.0
10429.0
10415.0
10422.0
10410.0
10414.0
10406.0
10400.0
10399.0
10394.0
10381.0
10378.0
10377.0
10368.0
10368.0
10366.0
10354.0
10356.0
10363.0
10361.0
10347.0
10350.0
10349.0
10342.0
10332.0
10340.0
10333.0
10334.0
10324.0
10317.0
10305.0
10304.0
10299.0
10298.0
10298.0
10302.0
10288.0
10287.0
10295.0
10287.0
10278.0
10277.0
10271.0
10270.0
10275.0
10264.0
10265.0
10262.0
10264.0
10261.0
10271.0
10266.0
10267.0
10258.0
10255.0
10251.0
10249.0
10242.0
10246.0
10249.0
10253.0
10240.0
10249.0
10246.0
10243.0
10255.0
10242.0
10251.0
10242.0
10239.0
10238.0
10233.0
10236.0
10243.0
10239.0
10248.0
10230.0
10241.0
10234.0
10217.0
10228.0
10229.0
10228.0
10213.0
10220.0
10224.0
10214.0
10210.0
10206.0
10192.0
10188.0
10173.0
10172.0
10172.0
10156.0
10152.0
10152.0
10131.0
10134.0
10125.0
10130.0
10122.0
10134.0
10115.0
10117.0
10122.0
10114.0
10112.0
10097.0
10103.0
10094.0
10087.0
10094.0
10081.0
10083.0
10067.0
10059.0
10061.0
10044.0
10068.0
10045.0
10048.0
10049.0
10037.0
10042.0
10041.0
10046.0
10042.0
10058.0
10031.0
10021.0
10021.0
10029.0
10012.0
10016.0
10011.0
10002.0
10007.0
10002.0
10002.0
9981.0
9965.0
9969.0
9968.0
9942.0
9946.0
9930.0
9927.0
9924.0
9922.0
9921.0
9907.0
9908.0
9916.0
9932.0
9918.0
9912.0
9906.0
9918.0
9914.0
9923.0
9900.0
9896.0
9900.0
9900.0
9891.0
9880.0
9878.0
9886.0
9873.0
9877.0
9882.0
9863.0
9871.0
9856.0
9872.0
9874.0
9862.0
9864.0
9852.0
9850.0
9846.0
9845.0
9840.0
9829.0
9826.0
9826.0
9813.0
9823.0
9818.0
9814.0
9817.0
9811.0
9800.0
9788.0
9795.0
9788.0
9800.0
9784.0
9785.0
9782.0
9774.0
9767.0
9762.0
9763.0
9767.0
9770.0
9760.0
9759.0
9750.0
9756.0
9749.0
9753.0
9750.0
9746.0
9740.0
9739.0
9737.0
9737.0
9726.0
9720.0
9718.0
9725.0
9701.0
9710.0
9693.0
9693.0
9702.0
9687.0
9680.0
9668.0
9664.0
9652.0
9653.0
9643.0
9658.0
9658.0
9639.0
9635.0
9650.0
9633.0
9631.0
9631.0
9615.0
9615.0
9629.0
9624.0
9604.0
9609.0
9597.0
9596.0
9583.0
9588.0
9580.0
9592.0
9588.0
9579.0
9576.0
9574.0
9568.0
9568.0
9576.0
9569.0
9572.0
9560.0
9554.0
9563.0
9550.0
9551.0
9548.0
9543.0
9531.0
9545.0
9548.0
9531.0
9531.0
9519.0
9522.0
9526.0
9523.0
9508.0
9524.0
9514.0
9511.0
9505.0
9507.0
9492.0
9475.0
9480.0
9479.0
9476.0
9481.0
9472.0
9461.0
9454.0
9455.0
9442.0
9432.0
9429.0
9423.0
9420.0
9413.0
9422.0
9420.0
9411.0
9411.0
9402.0
9400.0
9392.0
9390.0
9388.0
9391.0
9391.0
9368.0
9374.0
9369.0
9381.0
9360.0
9361.0
9357.0
9343.0
9339.0
9328.0
9333.0
9339.0
9325.0
9335.0
9324.0
9330.0
9330.0
9328.0
9315.0
9323.0
9326.0
9325.0
9320.0
9312.0
9321.0
9317.0
9303.0
9302.0
9308.0
9299.0
9285.0
9280.0
9291.0
9263.0
9275.0
9271.0
9273.0
9275.0
9259.0
9257.0
9259.0
9254.0
9259.0
9250.0
9247.0
9251.0
9236.0
9249.0
9238.0
9245.0
9244.0
9252.0
9236.0
9222.0
9235.0
9239.0
9224.0
9233.0
9228.0
9220.0
9226.0
9206.0
9203.0
9211.0
9196.0
9182.0
9185.0
9189.0
9172.0
9165.0
9179.0
9169.0
9171.0
9158.0
9158.0
9160.0
9142.0
9138.0
9136.0
9122.0
9123.0
9134.0
9114.0
9125.0
9128.0
9134.0
9113.0
9096.0
9108.0
9088.0
9109.0
9086.0
9109.0
9092.0
9096.0
9101.0
9091.0
9091.0
9088.0
9063.0
9069.0
9071.0
9086.0
9060.0
9060.0
9049.0
9057.0
9048.0
9032.0
9030.0
9031.0
9032.0
9036.0
9027.0
9037.0
9012.0
9004.0
8982.0
9005.0
9001.0
9002.0
8997.0
8987.0
8976.0
8972.0
8972.0
8979.0
8966.0
8946.0
8950.0
8952.0
8958.0
8953.0
8950.0
8935.0
8933.0
8911.0
8893.0
8888.0
8899.0
8872.0
8871.0
8873.0
8877.0
8858.0
8870.0
8876.0
8873.0
8868.0
8876.0
8861.0
8859.0
8859.0
8852.0
8847.0
8840.0
8841.0
8828.0
8824.0
8819.0
8824.0
8824.0
8814.0
8801.0
8798.0
8791.0
8791.0
8787.0
8776.0
8766.0
8761.0
8757.0
8757.0
8761.0
8747.0
8750.0
8758.0
8747.0
8744.0
8744.0
8745.0
8746.0
8745.0
8739.0
8736.0
8736.0
8733.0
8728.0
8726.0
8714.0
8709.0
8695.0
8695.0
8699.0
8692.0
8687.0
8680.0
8693.0
8686.0
8686.0
8681.0
8665.0
8686.0
8676.0
8670.0
8680.0
8671.0
8661.0
8645.0
8647.0
8646.0
8645.0
8640.0
8647.0
8640.0
8647.0
8640.0
8636.0
8642.0
8630.0
8631.0
8621.0
8618.0
8621.0
8624.0
8620.0
8617.0
8590.0
8602.0
8598.0
8581.0
8586.0
8585.0
8580.0
8567.0
8576.0
8560.0
8548.0
8554.0
8545.0
8543.0
8550.0
8557.0
8547.0
8546.0
8539.0
8545.0
8543.0
8528.0
8526.0
8526.0
8519.0
8521.0
8503.0
8516.0
8515.0
8505.0
8497.0
8494.0
8501.0
8487.0
8483.0
8482.0
8481.0
8474.0
8478.0
8477.0
8474.0
8468.0
8463.0
8470.0
8461.0
8462.0
8464.0
8460.0
8460.0
8447.0
8462.0
8454.0
8449.0
8451.0
8443.0
8446.0
8430.0
8434.0
8444.0
8432.0
8436.0
8439.0
8443.0
8437.0
8435.0
8418.0
8431.0
8426.0
8418.0
8419.0
8415.0
8421.0
8421.0
8426.0
8426.0
8425.0
8431.0
8429.0
8411.0
8420.0
8410.0
8401.0
8400.0
8410.0
8398.0
8389.0
8365.0
8388.0
8370.0
8379.0
8378.0
8359.0
8362.0
8347.0
8350.0
8337.0
8319.0
8334.0
8326.0
8319.0
8297.0
8308.0
8319.0
8313.0
8297.0
8297.0
8274.0
8274.0
8279.0
8277.0
8259.0
8248.0
8251.0
8239.0
8244.0
8246.0
8243.0
8246.0
8258.0
8247.0
8258.0
8239.0
8244.0
8237.0
8241.0
8233.0
8238.0
8231.0
8223.0
8220.0
8212.0
8228.0
8219.0
8210.0
8207.0
8196.0
8206.0
8194.0
8193.0
8190.0
8197.0
8190.0
8185.0
8180.0
8193.0
8185.0
8169.0
8161.0
8163.0
8154.0
8153.0
8156.0
8146.0
8152.0
8135.0
8143.0
8143.0
8134.0
8147.0
8134.0
8135.0
8136.0
8124.0
8132.0
8127.0
8109.0
8110.0
8122.0
8111.0
8110.0
8115.0
8106.0
8104.0
8108.0
8115.0
8093.0
8103.0
8098.0
8078.0
8077.0
8074.0
8063.0
8055.0
8048.0
8057.0
8045.0
8040.0
8043.0
8037.0
8033.0
8031.0
8023.0
8011.0
8008.0
8004.0
8009.0
8005.0
7998.0
7999.0
7995.0
8006.0
8005.0
8001.0
7983.0
7997.0
7998.0
7992.0
7999.0
7985.0
7978.0
7985.0
7976.0
7972.0
7964.0
7959.0
7960.0
7962.0
7967.0
7956.0
7954.0
7958.0
7949.0
7949.0
7912.0
7932.0
7920.0
7920.0
7895.0
7893.0
7896.0
7897.0
7885.0
7894.0
7888.0
7886.0
7886.0
7870.0
7867.0
7876.0
7873.0
7859.0
7851.0
7843.0
7857.0
7832.0
7837.0
7828.0
7830.0
7834.0
7827.0
7827.0
7829.0
7832.0
7840.0
7836.0
7820.0
7826.0
7811.0
7822.0
7811.0
7810.0
7776.0
7783.0
7795.0
7780.0
7779.0
7771.0
7758.0
7763.0
7774.0
7765.0
7762.0
7761.0
7754.0
7753.0
7752.0
7749.0
7747.0
7740.0
7751.0
7727.0
7731.0
7726.0
7730.0
7723.0
7721.0
7706.0
7720.0
7696.0
7702.0
7699.0
7681.0
7686.0
7680.0
7684.0
7676.0
7674.0
7678.0
7670.0
7673.0
7670.0
7671.0
7670.0
7671.0
7669.0
7655.0
7649.0
7641.0
7640.0
7638.0
7626.0
7612.0
7619.0
7623.0
7617.0
7619.0
7624.0
7625.0
7619.0
7606.0
7619.0
7610.0
7601.0
7597.0
7597.0
7584.0
7584.0
7583.0
7585.0
7582.0
7569.0
7576.0
7552.0
7547.0
7549.0
7554.0
7538.0
7542.0
7526.0
7537.0
7529.0
7527.0
7524.0
7531.0
7525.0
7534.0
7527.0
7520.0
7519.0
7528.0
7512.0
7520.0
7519.0
7503.0
7513.0
7504.0
7499.0
7492.0
7498.0
7494.0
7494.0
7478.0
7495.0
7490.0
7510.0
7484.0
7475.0
7462.0
7447.0
7454.0
7447.0
7446.0
7437.0
7449.0
7439.0
7434.0
7439.0
7444.0
7441.0
7426.0
7417.0
7428.0
7428.0
7425.0
7424.0
7429.0
7415.0
7423.0
7420.0
7406.0
7415.0
7404.0
7409.0
7411.0
7401.0
7407.0
7401.0
7411.0
7401.0
7397.0
7387.0
7387.0
7386.0
7379.0
7377.0
7362.0
7371.0
7350.0
7356.0
7346.0
7343.0
7332.0
7332.0
7337.0
7317.0
7325.0
7323.0
7324.0
7325.0
7318.0
7323.0
7315.0
7320.0
7322.0
7319.0
7307.0
7314.0
7310.0
7313.0
7307.0
7303.0
7308.0
7300.0
7288.0
7282.0
7270.0
7278.0
7279.0
7272.0
7269.0
7272.0
7265.0
7254.0
7244.0
7251.0
7242.0
7241.0
7221.0
7228.0
7217.0
7224.0
7219.0
7225.0
7222.0
7216.0
7203.0
7209.0
7220.0
7198.0
7184.0
7184.0
7186.0
7173.0
7174.0
7170.0
7160.0
7152.0
7162.0
7147.0
7145.0
7152.0
7136.0
7152.0
7145.0
7147.0
7130.0
7127.0
7132.0
7127.0
7115.0
7104.0
7110.0
7107.0
7101.0
7105.0
7091.0
7077.0
7075.0
7079.0
7077.0
7067.0
7080.0
7070.0
7053.0
7061.0
7048.0
7051.0
7056.0
7045.0
7049.0
7041.0
7038.0
7038.0
7049.0
7028.0
7026.0
7030.0
7025.0
7036.0
7025.0
7020.0
7019.0
7010.0
6997.0
6995.0
6984.0
6991.0
6976.0
6975.0
6970.0
6972.0
6958.0
6958.0
6955.0
6966.0
6960.0
6955.0
6941.0
6958.0
6935.0
6932.0
6913.0
6917.0
6921.0
6923.0
6919.0
6910.0
6905.0
6907.0
6900.0
6897.0
6895.0
6891.0
6866.0
6862.0
6859.0
6856.0
6842.0
6848.0
6845.0
6843.0
6850.0
6844.0
6841.0
6848.0
6835.0
6840.0
6831.0
6828.0
6830.0
6819.0
6816.0
6824.0
6822.0
6816.0
6825.0
6814.0
6818.0
6814.0
6809.0
6800.0
6809.0
6795.0
6790.0
6793.0
6788.0
6782.0
6793.0
6778.0
6780.0
6772.0
6784.0
6771.0
6774.0
6766.0
6757.0
6768.0
6765.0
6762.0
6750.0
6752.0
6756.0
6750.0
6752.0
6757.0
6746.0
6749.0
6739.0
6727.0
6722.0
6732.0
6730.0
6725.0
6731.0
6718.0
6721.0
6703.0
6725.0
6713.0
6699.0
6701.0
6697.0
6695.0
6692.0
6675.0
6678.0
6667.0
6681.0
6653.0
6653.0
6661.0
6656.0
6641.0
6643.0
6632.0
6626.0
6612.0
6611.0
6625.0
6613.0
6616.0
6598.0
6591.0
6588.0
6574.0
6563.0
6561.0
6558.0
6566.0
6564.0
6565.0
6561.0
6567.0
6566.0
6568.0
6563.0
6559.0
6560.0
6557.0
6568.0
6559.0
6558.0
6554.0
6560.0
6547.0
6547.0
6543.0
6535.0
6514.0
6527.0
6528.0
6518.0
6514.0
6518.0
6512.0
6508.0
6503.0
6491.0
6490.0
6485.0
6492.0
6483.0
6482.0
6484.0
6473.0
6468.0
6469.0
6478.0
6457.0
6476.0
6462.0
6458.0
6464.0
6471.0
6471.0
6464.0
6473.0
6466.0
6454.0
6462.0
6455.0
6451.0
6443.0
6434.0
6441.0
6451.0
6452.0
6453.0
6441.0
6438.0
6450.0
6433.0
6438.0
6430.0
6437.0
6419.0
6420.0
6413.0
6406.0
6425.0
6401.0
6399.0
6406.0
6392.0
6395.0
6391.0
6387.0
6378.0
6380.0
6371.0
6370.0
6371.0
6366.0
6378.0
6369.0
6361.0
6349.0
6332.0
6327.0
6316.0
6316.0
6319.0
6308.0
6306.0
6302.0
6302.0
6295.0
6296.0
6291.0
6289.0
6289.0
6284.0
6277.0
6277.0
6276.0
6268.0
6268.0
6253.0
6253.0
6253.0
6254.0
6235.0
6226.0
6236.0
6230.0
6239.0
6233.0
6215.0
6206.0
6190.0
6197.0
6200.0
6206.0
6198.0
6207.0
6201.0
6199.0
6198.0
6199.0
6194.0
6189.0
6190.0
6176.0
6183.0
6171.0
6176.0
6174.0
6172.0
6177.0
6165.0
6163.0
6150.0
6150.0
6140.0
6148.0
6147.0
6146.0
6145.0
6139.0
6124.0
6129.0
6114.0
6119.0
6117.0
6119.0
6114.0
6114.0
6112.0
6118.0
6099.0
6111.0
6093.0
6100.0
6105.0
6095.0
6103.0
6103.0
6098.0
6095.0
6089.0
6088.0
6086.0
6090.0
6087.0
6087.0
6080.0
6077.0
6076.0
6071.0
6078.0
6067.0
6060.0
6062.0
6057.0
6070.0
6066.0
6067.0
6058.0
6048.0
6052.0
6055.0
6054.0
6054.0
6043.0
6045.0
6034.0
6026.0
6038.0
6041.0
6031.0
6027.0
6020.0
6020.0
6023.0
6012.0
6010.0
6017.0
6005.0
6014.0
6005.0
6009.0
5999.0
6003.0
6001.0
6004.0
5998.0
5999.0
5999.0
6000.0
6015.0
5993.0
5989.0
5982.0
5988.0
5985.0
5988.0
5987.0
5989.0
5988.0
5989.0
5993.0
5976.0
5961.0
5962.0
5952.0
5956.0
5957.0
5948.0
5945.0
5952.0
5944.0
5952.0
5940.0
5943.0
5923.0
5915.0
5924.0
5911.0
5900.0
5911.0
5890.0
5883.0
5895.0
5902.0
5867.0
5862.0
5869.0
5868.0
5861.0
5856.0
5855.0
5854.0
5841.0
5831.0
5813.0
5811.0
5799.0
5800.0
5813.0
5809.0
5802.0
5785.0
5788.0
5791.0
5782.0
5781.0
5778.0
5767.0
5766.0
5756.0
5764.0
5759.0
5746.0
5748.0
5731.0
5731.0
5709.0
5708.0
5716.0
5723.0
5715.0
5704.0
5694.0
5696.0
5702.0
5690.0
5697.0
5693.0
5688.0
5679.0
5669.0
5667.0
5663.0
5664.0
5674.0
5675.0
5681.0
5683.0
5671.0
5662.0
5676.0
5664.0
5660.0
5666.0
5663.0
5652.0
5655.0
5662.0
5650.0
5646.0
5657.0
5646.0
5639.0
5636.0
5629.0
5641.0
5646.0
5636.0
5645.0
5621.0
5634.0
5626.0
5631.0
5618.0
5611.0
5599.0
5605.0
5614.0
5602.0
5606.0
5611.0
5605.0
5596.0
5607.0
5597.0
5584.0
5590.0
5594.0
5597.0
5580.0
5580.0
5554.0
5561.0
5558.0
5547.0
5542.0
5547.0
5524.0
5535.0
5515.0
5513.0
5511.0
5510.0
5500.0
5504.0
5500.0
5502.0
5484.0
5475.0
5468.0
5467.0
5455.0
5460.0
5445.0
5427.0
5423.0
5435.0
5435.0
5418.0
5424.0
5436.0
5420.0
5405.0
5405.0
5413.0
5392.0
5404.0
5404.0
5401.0
5397.0
5399.0
5397.0
5382.0
5380.0
5371.0
5375.0
5350.0
5355.0
5366.0
5359.0
5360.0
5341.0
5339.0
5329.0
5323.0
5313.0
5313.0
5310.0
5325.0
5317.0
5308.0
5303.0
5306.0
5291.0
5284.0
5281.0
5279.0
5266.0
5251.0
5268.0
5250.0
5255.0
5253.0
5225.0
5236.0
5234.0
5236.0
5221.0
5225.0
5199.0
5202.0
5182.0
5191.0
5189.0
5191.0
5188.0
5185.0
5159.0
5164.0
5142.0
5136.0
5138.0
5141.0
5136.0
5129.0
5117.0
5123.0
5124.0
5120.0
5123.0
5123.0
5106.0
5103.0
5102.0
5113.0
5103.0
5085.0
5082.0
5096.0
5088.0
5088.0
5093.0
5091.0
5078.0
5079.0
5078.0
5084.0
5074.0
5069.0
5075.0
5078.0
5072.0
5063.0
5049.0
5056.0
5062.0
5049.0
5071.0
5047.0
5045.0
5041.0
5036.0
5040.0
5051.0
5046.0
5041.0
5037.0
5036.0
5044.0
5032.0
5037.0
5042.0
5032.0
5043.0
5033.0
5015.0
5019.0
5018.0
5015.0
5000.0
4997.0
4988.0
5002.0
4990.0
4999.0
4983.0
4983.0
4963.0
4954.0
4955.0
4950.0
4953.0
4928.0
4935.0
4922.0
4917.0
4892.0
4894.0
4880.0
4872.0
4883.0
4870.0
4863.0
4870.0
4863.0
4854.0
4846.0
4871.0
4855.0
4849.0
4847.0
4837.0
4835.0
4830.0
4819.0
4819.0
4809.0
4800.0
4805.0
4810.0
4810.0
4810.0
4792.0
4789.0
4799.0
4791.0
4763.0
4776.0
4765.0
4761.0
4766.0
4767.0
4760.0
4752.0
4770.0
4744.0
4735.0
4726.0
4716.0
4724.0
4721.0
4702.0
4720.0
4721.0
4714.0
4697.0
4683.0
4689.0
4676.0
4684.0
4675.0
4684.0
4673.0
4665.0
4669.0
4659.0
4656.0
4665.0
4656.0
4648.0
4655.0
4644.0
4651.0
4627.0
4618.0
4604.0
4585.0
4597.0
4599.0
4587.0
4575.0
4578.0
4573.0
4557.0
4564.0
4542.0
4537.0
4532.0
4537.0
4536.0
4526.0
4529.0
4526.0
4524.0
4520.0
4521.0
4523.0
4526.0
4527.0
4516.0
4520.0
4519.0
4510.0
4495.0
4491.0
4491.0
4475.0
4487.0
4478.0
4483.0
4474.0
4465.0
4468.0
4463.0
4464.0
4452.0
4446.0
4447.0
4444.0
4438.0
4440.0
4430.0
4431.0
4420.0
4421.0
4409.0
4408.0
4399.0
4382.0
4394.0
4387.0
4379.0
4381.0
4376.0
4362.0
4376.0
4366.0
4374.0
4362.0
4360.0
4359.0
4347.0
4352.0
4354.0
4345.0
4345.0
4350.0
4339.0
4343.0
4341.0
4331.0
4329.0
4321.0
4318.0
4324.0
4311.0
4312.0
4321.0
4312.0
4301.0
4310.0
4296.0
4303.0
4300.0
4300.0
4303.0
4291.0
4284.0
4297.0
4296.0
4282.0
4271.0
4277.0
4271.0
4259.0
4262.0
4257.0
4251.0
4249.0
4247.0
4247.0
4237.0
4234.0
4223.0
4228.0
4233.0
4223.0
4223.0
4218.0
4211.0
4212.0
4210.0
4217.0
4210.0
4201.0
4188.0
4189.0
4211.0
4189.0
4185.0
4188.0
4182.0
4185.0
4182.0
4169.0
4162.0
4163.0
4153.0
4154.0
4130.0
4124.0
4105.0
4106.0
4098.0
4103.0
4101.0
4098.0
4093.0
4090.0
4082.0
4085.0
4073.0
4071.0
4077.0
4068.0
4062.0
4049.0
4054.0
4065.0
4058.0
4066.0
4061.0
4056.0
4055.0
4061.0
4038.0
4054.0
4042.0
4033.0
4032.0
4021.0
4012.0
4007.0
4008.0
4010.0
3991.0
3983.0
3987.0
3982.0
3979.0
3969.0
3963.0
3965.0
3956.0
3961.0
3956.0
3946.0
3953.0
3942.0
3938.0
3954.0
3945.0
3949.0
3937.0
3933.0
3944.0
3937.0
3934.0
3922.0
3924.0
3931.0
3926.0
3925.0
3910.0
3913.0
3904.0
3904.0
3901.0
3888.0
3886.0
3875.0
3877.0
3874.0
3883.0
3883.0
3868.0
3872.0
3869.0
3862.0
3863.0
3862.0
3858.0
3851.0
3836.0
3841.0
3847.0
3838.0
3843.0
3842.0
3836.0
3836.0
3826.0
3825.0
3816.0
3818.0
3819.0
3813.0
3810.0
3796.0
3802.0
3811.0
3796.0
3809.0
3794.0
3796.0
3788.0
3793.0
3795.0
3788.0
3802.0
3807.0
3802.0
3802.0
3790.0
3788.0
3785.0
3790.0
3784.0
3774.0
3763.0
3742.0
3742.0
3747.0
3741.0
3755.0
3747.0
3731.0
3738.0
3735.0
3732.0
3733.0
3717.0
3713.0
3708.0
3703.0
3707.0
3700.0
3695.0
3689.0
3683.0
3682.0
3700.0
3680.0
3668.0
3669.0
3666.0
3658.0
3662.0
3666.0
3658.0
3643.0
3633.0
3624.0
3622.0
3632.0
3626.0
3618.0
3621.0
3612.0
3608.0
3603.0
3592.0
3595.0
3592.0
3557.0
3566.0
3564.0
3555.0
3552.0
3555.0
3567.0
3547.0
3540.0
3543.0
3556.0
3537.0
3548.0
3544.0
3538.0
3536.0
3516.0
3511.0
3501.0
3506.0
3511.0
3498.0
3497.0
3496.0
3495.0
3489.0
3492.0
3476.0
3470.0
3475.0
3473.0
3468.0
3470.0
3453.0
3449.0
3465.0
3465.0
3460.0
3457.0
3468.0
3463.0
3462.0
3445.0
3453.0
3448.0
3469.0
3434.0
3449.0
3453.0
3440.0
3438.0
3432.0
3420.0
3411.0
3416.0
3399.0
3407.0
3382.0
3396.0
3381.0
3377.0
3380.0
3371.0
3374.0
3368.0
3364.0
3367.0
3368.0
3371.0
3366.0
3365.0
3346.0
3352.0
3339.0
3331.0
3331.0
3339.0
3336.0
3323.0
3312.0
3337.0
3314.0
3299.0
3303.0
3314.0
3313.0
3292.0
3308.0
3297.0
3281.0
3272.0
3290.0
3286.0
3269.0
3280.0
3274.0
3267.0
3264.0
3257.0
3257.0
3261.0
3254.0
3250.0
3252.0
3238.0
3230.0
3225.0
3234.0
3222.0
3218.0
3220.0
3221.0
3215.0
3213.0
3214.0
3196.0
3207.0
3196.0
3193.0
3185.0
3188.0
3190.0
3190.0
3188.0
3195.0
3185.0
3179.0
3186.0
3187.0
3194.0
3190.0
3176.0
3166.0
3177.0
3174.0
3161.0
3171.0
3171.0
3178.0
3170.0
3168.0
3172.0
3155.0
3152.0
3154.0
3154.0
3150.0
3125.0
3134.0
3132.0
3131.0
3121.0
3130.0
3126.0
3116.0
3116.0
3116.0
3093.0
3103.0
3099.0
3094.0
3077.0
3080.0
3085.0
3078.0
3072.0
3076.0
3076.0
3082.0
3083.0
3075.0
3072.0
3070.0
3072.0
3069.0
3063.0
3071.0
3072.0
3062.0
3058.0
3058.0
3050.0
3050.0
3053.0
3041.0
3043.0
3041.0
3039.0
3041.0
3032.0
3033.0
3042.0
3031.0
3024.0
3030.0
3016.0
3011.0
3013.0
3015.0
2999.0
2996.0
2990.0
2987.0
2988.0
2965.0
2981.0
2987.0
2989.0
2977.0
2989.0
2977.0
2974.0
2975.0
2978.0
2962.0
2959.0
2955.0
2938.0
2966.0
2951.0
2951.0
2944.0
2939.0
2941.0
2940.0
2942.0
2945.0
2939.0
2947.0
2929.0
2930.0
2928.0
2912.0
2902.0
2912.0
2899.0
2900.0
2896.0
2906.0
2894.0
2873.0
2881.0
2901.0
2881.0
2892.0
2890.0
2870.0
2872.0
2882.0
2869.0
2873.0
2872.0
2869.0
2854.0
2861.0
2834.0
2853.0
2841.0
2827.0
2828.0
2816.0
2811.0
2796.0
2805.0
2805.0
2789.0
2780.0
2792.0
2793.0
2793.0
2766.0
2764.0
2758.0
2765.0
2753.0
2744.0
2740.0
2746.0
2729.0
2738.0
2729.0
2721.0
2741.0
2723.0
2717.0
2708.0
2702.0
2704.0
2689.0
2678.0
2676.0
2693.0
2695.0
2686.0
2688.0
2676.0
2657.0
2645.0
2648.0
2635.0
2650.0
2626.0
2610.0
2613.0
2614.0
2611.0
2595.0
2601.0
2593.0
2581.0
2582.0
2588.0
2578.0
2584.0
2577.0
2567.0
2571.0
2554.0
2557.0
2550.0
2535.0
2527.0
2522.0
2518.0
2519.0
2516.0
2515.0
2513.0
2505.0
2485.0
2489.0
2473.0
2475.0
2461.0
2453.0
2456.0
2459.0
2450.0
2462.0
2448.0
2456.0
2425.0
2439.0
2435.0
2436.0
2438.0
2433.0
2433.0
2425.0
2415.0
2409.0
2404.0
2409.0
2393.0
2406.0
2397.0
2418.0
2407.0
2402.0
2383.0
2378.0
2363.0
2356.0
2366.0
2355.0
2369.0
2377.0
2369.0
2361.0
2362.0
2367.0
2352.0
2364.0
2359.0
2358.0
2362.0
2369.0
2358.0
2355.0
2358.0
2348.0
2352.0
2355.0
2340.0
2340.0
2330.0
2324.0
2324.0
2322.0
2314.0
2310.0
2295.0
2300.0
2300.0
2295.0
2299.0
2304.0
2274.0
2271.0
2275.0
2254.0
2261.0
2243.0
2241.0
2234.0
2234.0
2242.0
2238.0
2247.0
2240.0
2241.0
2225.0
2225.0
2227.0
2226.0
2217.0
2214.0
2209.0
2219.0
2217.0
2204.0
2200.0
2212.0
2206.0
2201.0
2202.0
2204.0
2190.0
2191.0
2198.0
2174.0
2171.0
2171.0
2169.0
2165.0
2165.0
2166.0
2142.0
2131.0
2137.0
2131.0
2134.0
2119.0
2120.0
2108.0
2103.0
2080.0
2095.0
2087.0
2083.0
2102.0
2079.0
2069.0
2064.0
2059.0
2069.0
2055.0
2058.0
2051.0
2037.0
2045.0
2042.0
2033.0
2025.0
2034.0
2021.0
2030.0
2022.0
2012.0
2007.0
2005.0
1985.0
1999.0
1988.0
1997.0
1971.0
1984.0
1985.0
1975.0
1979.0
1971.0
1981.0
1975.0
1976.0
1971.0
1967.0
1957.0
1939.0
1942.0
1948.0
1927.0
1935.0
1928.0
1922.0
1935.0
1919.0
1929.0
1932.0
1920.0
1927.0
1909.0
1922.0
1921.0
1901.0
1897.0
1910.0
1894.0
1902.0
1891.0
1890.0
1888.0
1882.0
1885.0
1886.0
1879.0
1866.0
1873.0
1877.0
1866.0
1873.0
1858.0
1859.0
1859.0
1867.0
1861.0
1855.0
1846.0
1848.0
1830.0
1829.0
1832.0
1830.0
1824.0
1807.0
1814.0
1817.0
1812.0
1815.0
1797.0
1790.0
1803.0
1793.0
1777.0
1774.0
1763.0
1765.0
1766.0
1765.0
1768.0
1763.0
1770.0
1751.0
1756.0
1743.0
1736.0
1742.0
1735.0
1741.0
1741.0
1738.0
1736.0
1726.0
1732.0
1725.0
1719.0
1714.0
1704.0
1708.0
1698.0
1708.0
1704.0
1683.0
1693.0
1676.0
1686.0
1686.0
1689.0
1676.0
1652.0
1653.0
1643.0
1648.0
1647.0
1634.0
1644.0
1641.0
1625.0
1613.0
1626.0
1613.0
1612.0
1609.0
1607.0
1590.0
1585.0
1579.0
1571.0
1577.0
1579.0
1569.0
1578.0
1557.0
1570.0
1568.0
1565.0
1566.0
1560.0
1565.0
1561.0
1567.0
1554.0
1553.0
1557.0
1559.0
1539.0
1539.0
1534.0
1533.0
1540.0
1525.0
1521.0
1529.0
1530.0
1520.0
1522.0
1509.0
1513.0
1511.0
1505.0
1502.0
1497.0
1500.0
1495.0
1496.0
1487.0
1477.0
1490.0
1492.0
1481.0
1471.0
1475.0
1466.0
1458.0
1440.0
1446.0
1464.0
1445.0
1440.0
1449.0
1441.0
1434.0
1420.0
1412.0
1415.0
1419.0
1411.0
1404.0
1398.0
1400.0
1397.0
1395.0
1404.0
1396.0
1398.0
1400.0
1379.0
1388.0
1380.0
1367.0
1375.0
1364.0
1372.0
1373.0
1352.0
1365.0
1354.0
1332.0
1340.0
1351.0
1359.0
1334.0
1325.0
1327.0
1301.0
1308.0
1318.0
1317.0
1303.0
1301.0
1295.0
1300.0
1270.0
1270.0
1264.0
1257.0
1252.0
1246.0
1231.0
1236.0
1225.0
1225.0
1229.0
1212.0
1218.0
1215.0
1218.0
1211.0
1204.0
1200.0
1191.0
1189.0
1181.0
1187.0
1195.0
1190.0
1173.0
1180.0
1157.0
1162.0
1170.0
1157.0
1157.0
1159.0
1144.0
1156.0
1147.0
1149.0
1134.0
1135.0
1129.0
1136.0
1133.0
1112.0
1116.0
1119.0
1114.0
1112.0
1117.0
1117.0
1103.0
1100.0
1108.0
1116.0
1100.0
1098.0
1109.0
1094.0
1090.0
1089.0
1090.0
1097.0
1092.0
1088.0
1083.0
1075.0
1081.0
1072.0
1064.0
1047.0
1066.0
1068.0
1067.0
1063.0
1057.0
1066.0
1075.0
1074.0
1056.0
1045.0
1034.0
1031.0
1031.0
1025.0
1023.0
1017.0
1029.0
1012.0
1027.0
1011.0
1001.0
1012.0
1014.0
1008.0
1009.0
997.0
1009.0
991.0
1001.0
981.0
982.0
973.0
966.0
951.0
919.0
913.0
907.0
911.0
892.0
890.0
890.0
889.0
881.0
867.0
864.0
856.0
859.0
865.0
857.0
852.0
856.0
860.0
857.0
859.0
855.0
861.0
853.0
860.0
858.0
855.0
854.0
853.0
842.0
846.0
846.0
838.0
835.0
846.0
831.0
832.0
835.0
830.0
820.0
836.0
828.0
824.0
828.0
808.0
806.0
796.0
790.0
784.0
792.0
780.0
767.0
776.0
766.0
769.0
767.0
763.0
762.0
767.0
773.0
753.0
769.0
752.0
752.0
749.0
749.0
737.0
719.0
723.0
719.0
714.0
712.0
702.0
697.0
699.0
692.0
686.0
691.0
684.0
691.0
697.0
702.0
688.0
686.0
679.0
675.0
675.0
662.0
669.0
661.0
652.0
650.0
644.0
647.0
640.0
632.0
638.0
628.0
634.0
624.0
619.0
608.0
587.0
598.0
599.0
604.0
593.0
598.0
594.0
589.0
589.0
571.0
564.0
557.0
554.0
552.0
545.0
536.0
527.0
540.0
532.0
509.0
503.0
503.0
491.0
504.0
491.0
496.0
487.0
488.0
486.0
493.0
476.0
475.0
473.0
476.0
465.0
466.0
469.0
452.0
463.0
463.0
464.0
444.0
442.0
438.0
429.0
410.0
423.0
410.0
423.0
410.0
407.0
406.0
408.0
400.0
413.0
407.0
404.0
415.0
404.0
405.0
402.0
388.0
385.0
382.0
378.0
376.0
373.0
371.0
367.0
369.0
355.0
352.0
354.0
358.0
350.0
352.0
341.0
331.0
345.0
316.0
317.0
307.0
303.0
293.0
299.0
289.0
287.0
275.0
274.0
290.0
277.0
269.0
268.0
279.0
262.0
260.0
255.0
243.0
251.0
248.0
223.0
227.0
233.0
232.0
237.0
232.0
224.0
235.0
233.0
222.0
211.0
211.0
210.0
210.0
203.0
202.0
188.0
198.0
190.0
190.0
194.0
183.0
191.0
187.0
197.0
191.0
178.0
185.0
185.0
177.0
180.0
168.0
176.0
153.0
159.0
173.0
165.0
160.0
155.0
154.0
160.0
165.0
157.0
153.0
134.0
135.0
137.0
140.0
139.0
134.0
133.0
137.0
130.0
122.0
123.0
119.0
122.0
115.0
124.0
123.0
123.0
117.0
123.0
124.0
128.0
129.0
129.0
125.0
127.0
117.0
120.0
124.0
121.0
123.0
116.0
112.0
120.0
121.0
114.0
126.0
126.0
119.0
123.0
120.0
121.0
118.0
117.0
121.0
123.0
119.0
117.0
122.0
122.0
124.0
121.0
126.0
122.0
118.0
120.0
123.0
119.0
124.0
120.0
123.0
118.0
128.0
115.0
126.0
122.0
121.0
124.0
117.0
119.0
126.0
124.0
123.0
126.0
119.0
118.0
112.0
119.0
123.0
123.0
126.0
119.0
127.0
126.0
124.0
123.0
119.0
121.0
126.0
122.0
121.0
124.0
116.0
122.0
122.0
115.0
121.0
117.0
124.0
120.0
120.0
114.0
123.0
118.0
115.0
122.0
117.0
120.0
122.0
121.0
126.0
118.0
124.0
116.0
115.0
119.0
123.0
118.0
120.0
112.0
124.0
112.0
123.0
120.0
124.0
124.0
117.0
130.0
130.0
121.0
119.0
119.0
124.0
121.0
117.0
127.0
118.0
119.0
121.0
117.0
119.0
124.0
122.0
125.0
125.0
119.0
124.0
124.0
124.0
117.0
125.0
124.0
126.0
115.0
118.0
122.0
121.0
124.0
119.0
119.0
119.0
120.0
119.0
123.0
118.0
121.0
114.0
121.0
121.0
120.0
119.0
119.0
125.0
122.0
120.0
117.0
125.0
121.0
122.0
123.0
120.0
119.0
121.0
121.0
124.0
121.0
121.0
124.0
124.0
124.0
126.0
120.0
121.0
121.0
121.0
120.0
118.0
122.0
122.0
118.0
121.0
120.0
119.0
125.0
130.0
121.0
116.0
118.0
116.0
125.0
119.0
116.0
116.0
117.0
117.0
115.0
122.0
122.0
123.0
117.0
126.0
121.0
117.0
119.0
125.0
129.0
127.0
127.0
127.0
129.0
124.0
125.0
124.0
124.0
124.0
114.0
119.0
123.0
121.0
121.0
118.0
117.0
121.0
120.0
114.0
121.0
120.0
118.0
122.0
123.0
120.0
122.0
120.0
121.0
119.0
120.0
128.0
120.0
124.0
119.0
124.0
116.0
118.0
122.0
124.0
123.0
124.0
123.0
123.0
128.0
121.0
121.0
114.0
126.0
129.0
129.0
118.0
118.0
124.0
123.0
120.0
112.0
117.0
116.0
120.0
115.0
123.0
123.0
124.0
125.0
118.0
121.0
122.0
119.0
118.0
122.0
125.0
124.0
122.0
121.0
120.0
119.0
114.0
121.0
117.0
126.0
124.0
120.0
126.0
118.0
122.0
117.0
120.0
126.0
124.0
128.0
122.0
124.0
126.0
121.0
122.0
124.0
118.0
117.0
123.0
117.0
118.0
118.0
131.0
125.0
122.0
124.0
118.0
122.0
119.0
124.0
122.0
113.0
128.0
121.0
127.0
116.0
115.0
124.0
114.0
119.0
122.0
118.0
124.0
123.0
119.0
124.0
123.0
118.0
118.0
120.0
119.0
124.0
122.0
121.0
121.0
119.0
124.0
124.0
117.0
116.0
120.0
120.0
120.0
123.0
115.0
121.0
119.0
126.0
124.0
120.0
117.0
125.0
126.0
124.0
120.0
124.0
117.0
117.0
119.0
118.0
120.0
122.0
119.0
119.0
117.0
121.0
118.0
119.0
121.0
116.0
124.0
116.0
124.0
118.0
123.0
121.0
117.0
118.0
120.0
114.0
125.0
123.0
126.0
124.0
121.0
126.0
126.0
125.0
126.0
128.0
122.0
123.0
120.0
121.0
124.0
121.0
119.0
123.0
120.0
120.0
119.0
123.0
120.0
128.0
112.0
117.0
124.0
112.0
123.0
126.0
120.0
123.0
116.0
119.0
121.0
121.0
121.0
121.0
118.0
119.0
120.0
122.0
125.0
115.0
121.0
122.0
119.0
122.0
124.0
124.0
118.0
121.0
121.0
118.0
122.0
124.0
122.0
118.0
117.0
121.0
116.0
124.0
123.0
114.0
119.0
128.0
121.0
128.0
122.0
122.0
126.0
117.0
120.0
133.0
126.0
125.0
121.0
120.0
119.0
123.0
124.0
119.0
118.0
119.0
117.0
120.0
127.0
121.0
123.0
118.0
126.0
120.0
124.0
121.0
123.0
119.0
121.0
124.0
124.0
123.0
123.0
122.0
122.0
121.0
119.0
122.0
124.0
119.0
128.0
122.0
120.0
119.0
126.0
124.0
122.0
116.0
117.0
119.0
119.0
119.0
116.0
116.0
123.0
117.0
121.0
120.0
112.0
123.0
126.0
124.0
128.0
127.0
126.0
116.0
119.0
121.0
128.0
121.0
124.0
119.0
115.0
126.0
121.0
122.0
125.0
112.0
128.0
122.0
115.0
121.0
117.0
125.0
118.0
118.0
120.0
118.0
110.0
123.0
118.0
121.0
123.0
120.0
120.0
123.0
122.0
120.0
123.0
121.0
124.0
118.0
124.0
123.0
119.0
118.0
122.0
123.0
124.0
121.0
122.0
121.0
124.0
126.0
126.0
124.0
123.0
122.0
123.0
127.0
125.0
125.0
124.0
126.0
117.0
126.0
131.0
124.0
124.0
125.0
128.0
125.0
121.0
117.0
115.0
117.0
126.0
126.0
119.0
121.0
120.0
124.0
121.0
123.0
122.0
116.0
121.0
125.0
124.0
121.0
117.0
124.0
115.0
115.0
118.0
130.0
122.0
119.0
124.0
121.0
123.0
122.0
128.0
125.0
122.0
122.0
119.0
124.0
122.0
119.0
124.0
119.0
122.0
129.0
121.0
117.0
131.0
124.0
123.0
123.0
121.0
121.0
128.0
128.0
126.0
125.0
119.0
115.0
119.0
120.0
120.0
120.0
122.0
129.0
122.0
118.0
123.0
121.0
120.0
124.0
122.0
123.0
117.0
116.0
118.0
122.0
124.0
118.0
119.0
116.0
119.0
120.0
118.0
119.0
119.0
119.0
121.0
120.0
116.0
121.0
120.0
116.0
119.0
119.0
119.0
122.0
126.0
123.0
120.0
122.0
126.0
119.0
123.0
119.0
118.0
124.0
121.0
124.0
122.0
123.0
124.0
122.0
118.0
122.0
121.0
127.0
129.0
126.0
123.0
118.0
116.0
126.0
121.0
126.0
122.0
123.0
123.0
122.0
122.0
122.0
126.0
122.0
124.0
119.0
122.0
117.0
124.0
121.0
124.0
125.0
116.0
118.0
121.0
123.0
120.0
114.0
122.0
116.0
119.0
117.0
121.0
124.0
126.0
125.0
120.0
124.0
128.0
121.0
124.0
117.0
121.0
124.0
118.0
119.0
117.0
124.0
121.0
119.0
121.0
124.0
126.0
118.0
120.0
124.0
119.0
122.0
126.0
120.0
115.0
119.0
117.0
126.0
117.0
115.0
112.0
124.0
118.0
124.0
122.0
120.0
115.0
120.0
126.0
121.0
122.0
116.0
124.0
119.0
118.0
121.0
124.0
126.0
126.0
119.0
120.0
122.0
114.0
120.0
122.0
116.0
122.0
117.0
122.0
122.0
121.0
126.0
122.0
123.0
131.0
122.0
124.0
121.0
122.0
119.0
121.0
123.0
120.0
124.0
121.0
116.0
121.0
118.0
112.0
119.0
118.0
119.0
128.0
124.0
119.0
119.0
126.0
119.0
124.0
122.0
119.0
125.0
121.0
120.0
123.0
118.0
118.0
121.0
117.0
121.0
117.0
123.0
119.0
125.0
124.0
115.0
117.0
122.0
119.0
119.0
122.0
126.0
128.0
117.0
115.0
121.0
130.0
125.0
125.0
121.0
121.0
124.0
119.0
118.0
122.0
123.0
122.0
121.0
121.0
119.0
125.0
122.0
123.0
122.0
119.0
121.0
123.0
119.0
117.0
117.0
120.0
118.0
124.0
126.0
116.0
118.0
121.0
121.0
118.0
126.0
117.0
125.0
120.0
126.0
126.0
125.0
123.0
124.0
126.0
119.0
125.0
118.0
118.0
119.0
121.0
117.0
122.0
122.0
126.0
121.0
124.0
126.0
115.0
123.0
120.0
119.0
129.0
123.0
119.0
121.0
128.0
128.0
128.0
115.0
119.0
117.0
117.0
118.0
125.0
121.0
116.0
118.0
123.0
120.0
116.0
113.0
120.0
122.0
120.0
120.0
119.0
121.0
118.0
120.0
121.0
118.0
119.0
116.0
120.0
118.0
114.0
123.0
115.0
118.0
124.0
118.0
126.0
120.0
123.0
124.0
117.0
125.0
126.0
122.0
121.0
120.0
119.0
124.0
122.0
119.0
121.0
124.0
118.0
116.0
123.0
121.0
123.0
124.0
126.0
121.0
121.0
123.0
128.0
121.0
124.0
125.0
123.0
122.0
120.0
122.0
126.0
126.0
121.0
