40000.0
40000.0
40000.0
39992.0
39992.0
39992.0
39992.0
39972.0
39992.0
39984.0
39976.0
39950.0
39938.0
39914.0
39940.0
39920.0
39906.0
39876.0
39920.0
39908.0
39880.0
39868.0
39812.0
39802.0
39834.0
39826.0
39774.0
39720.0
39726.0
39762.0
39720.0
39682.0
39646.0
39642.0
39618.0
39648.0
39612.0
39618.0
39688.0
39688.0
39622.0
39520.0
39498.0
39432.0
39392.0
39396.0
39380.0
39354.0
39386.0
39210.0
39250.0
39216.0
39236.0
39130.0
39162.0
39198.0
39150.0
39136.0
39078.0
39008.0
38988.0
38942.0
38924.0
38874.0
38942.0
38830.0
38880.0
38708.0
38870.0
38836.0
38792.0
38788.0
38698.0
38758.0
38670.0
38538.0
38558.0
38402.0
38358.0
38352.0
38336.0
38454.0
38460.0
38318.0
38296.0
38442.0
37948.0
38184.0
38080.0
38230.0
38154.0
37910.0
38100.0
37976.0
37850.0
37956.0
37842.0
37960.0
37918.0
37806.0
37824.0
37908.0
37690.0
37678.0
37748.0
37718.0
37590.0
37544.0
37818.0
37496.0
37510.0
37492.0
37368.0
37386.0
37510.0
37390.0
37174.0
37120.0
37252.0
37496.0
37254.0
37246.0
37100.0
36976.0
37048.0
37014.0
36778.0
36948.0
36906.0
36932.0
36968.0
37158.0
36814.0
37136.0
37090.0
37114.0
37078.0
37398.0
37172.0
37012.0
37318.0
37356.0
37186.0
37408.0
37458.0
37500.0
37688.0
37780.0
37670.0
37532.0
37638.0
37844.0
37806.0
38034.0
37764.0
37998.0
37822.0
37908.0
37928.0
38156.0
38082.0
38110.0
38176.0
38336.0
38312.0
38100.0
38242.0
38408.0
38232.0
38426.0
38650.0
38546.0
38626.0
38504.0
38684.0
38848.0
38806.0
38864.0
39034.0
39004.0
39046.0
39130.0
39342.0
39190.0
39366.0
39146.0
39346.0
39324.0
39226.0
39536.0
39456.0
39546.0
39490.0
39542.0
39558.0
39634.0
39566.0
39740.0
39728.0
39698.0
39736.0
39716.0
39718.0
39848.0
39722.0
39838.0
39872.0
39880.0
39838.0
39836.0
39880.0
39904.0
39890.0
39930.0
39952.0
39920.0
39948.0
39928.0
39944.0
39930.0
39952.0
39946.0
39936.0
39992.0
39976.0
39952.0
39976.0
39984.0
39984.0
39992.0
39992.0
40000.0
40000.0
40000.0
40000.0
39992.0
40000.0
40000.0
40000.0
40000.0
40000.0
40000.0
40000.0
40000.0
40000.0
40000.0
40000.0
40000.0
40000.0
40000.0
40000.0
40000.0
40000.0
40000.0
40000.0
40000.0
40000.0
40000.0
40000.0
40000.0
40000.0
40000.0
40000.0
40000.0
40000.0
40000.0
40000.0
40000.0
40000.0
40000.0
40000.0
40000.0
40000.0
40000.0
40000.0
40000.0
40000.0
40000.0
40000.0
40000.0
40000.0
40000.0
40000.0
40000.0
40000.0
40000.0
40000.0
40000.0
40000.0
40000.0
40000.0
40000.0
40000.0
40000.0
40000.0
40000.0
40000.0
40000.0
40000.0
40000.0
40000.0
40000.0
40000.0
40000.0
40000.0
40000.0
40000.0
40000.0
40000.0
40000.0
40000.0
40000.0
40000.0
40000.0
40000.0
40000.0
40000.0
40000.0
40000.0
40000.0
40000.0
40000.0
40000.0
40000.0
40000.0
40000.0
40000.0
40000.0
40000.0
40000.0
40000.0
40000.0
40000.0
40000.0
40000.0
40000.0
40000.0
40000.0
40000.0
40000.0
40000.0
40000.0
40000.0
40000.0
40000.0
40000.0
40000.0
40000.0
40000.0
40000.0
40000.0
40000.0
40000.0
40000.0
40000.0
40000.0
40000.0
40000.0
40000.0
40000.0
40000.0
40000.0
40000.0
40000.0
40000.0
40000.0
40000.0
40000.0
40000.0
40000.0
40000.0
40000.0
40000.0
40000.0
40000.0
40000.0
40000.0
40000.0
40000.0
40000.0
40000.0
40000.0
40000.0
40000.0
40000.0
40000.0
40000.0
40000.0
40000.0
40000.0
40000.0
40000.0
40000.0
40000.0
40000.0
40000.0
40000.0
40000.0
40000.0
40000.0
40000.0
40000.0
40000.0
40000.0
40000.0
40000.0
40000.0
40000.0
40000.0
40000.0
40000.0
40000.0
40000.0
40000.0
40000.0
40000.0
40000.0
40000.0
40000.0
40000.0
40000.0
40000.0
40000.0
40000.0
40000.0
40000.0
40000.0
40000.0
40000.0
40000.0
40000.0
40000.0
40000.0
40000.0
40000.0
40000.0
40000.0
40000.0
40000.0
40000.0
40000.0
40000.0
40000.0
40000.0
40000.0
40000.0
40000.0
40000.0
40000.0
40000.0
40000.0
40000.0
40000.0
40000.0
40000.0
40000.0
40000.0
40000.0
40000.0
40000.0
40000.0
40000.0
40000.0
40000.0
40000.0
40000.0
40000.0
40000.0
40000.0
40000.0
40000.0
40000.0
40000.0
40000.0
40000.0
40000.0
40000.0
40000.0
40000.0
40000.0
40000.0
40000.0
40000.0
40000.0
40000.0
40000.0
40000.0
40000.0
40000.0
40000.0
40000.0
40000.0
40000.0
40000.0
40000.0
40000.0
40000.0
40000.0
40000.0
40000.0
40000.0
40000.0
40000.0
40000.0
40000.0
40000.0
40000.0
40000.0
40000.0
40000.0
40000.0
40000.0
40000.0
40000.0
40000.0
40000.0
40000.0
40000.0
40000.0
40000.0
40000.0
40000.0
40000.0
40000.0
40000.0
40000.0
40000.0
40000.0
40000.0
40000.0
40000.0
40000.0
40000.0
40000.0
40000.0
40000.0
40000.0
40000.0
40000.0
40000.0
40000.0
40000.0
40000.0
40000.0
40000.0
40000.0
40000.0
40000.0
40000.0
40000.0
40000.0
40000.0
40000.0
40000.0
40000.0
40000.0
40000.0
40000.0
40000.0
40000.0
40000.0
40000.0
40000.0
40000.0
40000.0
40000.0
40000.0
40000.0
40000.0
40000.0
40000.0
40000.0
40000.0
40000.0
40000.0
40000.0
40000.0
40000.0
40000.0
40000.0
40000.0
40000.0
40000.0
40000.0
40000.0
40000.0
40000.0
40000.0
40000.0
40000.0
40000.0
40000.0
40000.0
40000.0
40000.0
40000.0
40000.0
40000.0
40000.0
40000.0
40000.0
40000.0
40000.0
40000.0
40000.0
40000.0
40000.0
40000.0
40000.0
40000.0
40000.0
40000.0
40000.0
40000.0
40000.0
40000.0
40000.0
40000.0
40000.0
40000.0
40000.0
40000.0
40000.0
40000.0
40000.0
40000.0
40000.0
40000.0
40000.0
40000.0
40000.0
40000.0
40000.0
40000.0
40000.0
40000.0
40000.0
40000.0
40000.0
40000.0
40000.0
40000.0
40000.0
40000.0
40000.0
40000.0
40000.0
40000.0
40000.0
40000.0
40000.0
40000.0
40000.0
40000.0
40000.0
40000.0
40000.0
40000.0
40000.0
40000.0
40000.0
40000.0
40000.0
40000.0
40000.0
40000.0
40000.0
40000.0
40000.0
40000.0
40000.0
40000.0
40000.0
40000.0
40000.0
40000.0
40000.0
40000.0
40000.0
40000.0
40000.0
40000.0
40000.0
40000.0
40000.0
40000.0
40000.0
40000.0
40000.0
40000.0
40000.0
40000.0
40000.0
40000.0
40000.0
40000.0
40000.0
40000.0
40000.0
40000.0
40000.0
40000.0
40000.0
40000.0
40000.0
40000.0
40000.0
40000.0
40000.0
40000.0
40000.0
40000.0
40000.0
40000.0
40000.0
40000.0
40000.0
40000.0
40000.0
40000.0
40000.0
40000.0
40000.0
40000.0
40000.0
40000.0
40000.0
40000.0
40000.0
40000.0
40000.0
40000.0
40000.0
40000.0
40000.0
40000.0
40000.0
40000.0
40000.0
40000.0
40000.0
40000.0
40000.0
40000.0
40000.0
40000.0
40000.0
40000.0
40000.0
40000.0
40000.0
40000.0
40000.0
40000.0
40000.0
40000.0
40000.0
40000.0
40000.0
40000.0
40000.0
40000.0
40000.0
40000.0
40000.0
40000.0
40000.0
40000.0
40000.0
40000.0
40000.0
40000.0
40000.0
40000.0
40000.0
40000.0
40000.0
40000.0
40000.0
40000.0
40000.0
40000.0
40000.0
40000.0
40000.0
40000.0
40000.0
40000.0
40000.0
40000.0
40000.0
40000.0
40000.0
40000.0
40000.0
40000.0
40000.0
40000.0
40000.0
40000.0
40000.0
40000.0
40000.0
40000.0
40000.0
40000.0
40000.0
40000.0
40000.0
40000.0
40000.0
40000.0
40000.0
40000.0
40000.0
40000.0
40000.0
40000.0
40000.0
40000.0
40000.0
40000.0
40000.0
40000.0
40000.0
40000.0
40000.0
40000.0
40000.0
40000.0
40000.0
40000.0
40000.0
40000.0
40000.0
40000.0
40000.0
40000.0
40000.0
40000.0
40000.0
40000.0
40000.0
40000.0
40000.0
40000.0
40000.0
40000.0
40000.0
40000.0
40000.0
40000.0
40000.0
40000.0
40000.0
40000.0
40000.0
40000.0
40000.0
40000.0
40000.0
40000.0
40000.0
40000.0
40000.0
40000.0
40000.0
40000.0
40000.0
40000.0
40000.0
40000.0
40000.0
40000.0
40000.0
40000.0
40000.0
40000.0
40000.0
40000.0
40000.0
40000.0
40000.0
40000.0
40000.0
40000.0
40000.0
40000.0
40000.0
40000.0
40000.0
40000.0
40000.0
40000.0
40000.0
40000.0
40000.0
40000.0
40000.0
40000.0
40000.0
40000.0
40000.0
40000.0
40000.0
40000.0
40000.0
40000.0
40000.0
40000.0
40000.0
40000.0
40000.0
40000.0
40000.0
40000.0
40000.0
40000.0
40000.0
40000.0
40000.0
40000.0
40000.0
40000.0
40000.0
40000.0
40000.0
40000.0
40000.0
40000.0
40000.0
40000.0
40000.0
40000.0
40000.0
40000.0
40000.0
40000.0
40000.0
40000.0
40000.0
40000.0
40000.0
40000.0
40000.0
40000.0
40000.0
40000.0
40000.0
40000.0
40000.0
40000.0
40000.0
40000.0
40000.0
40000.0
40000.0
40000.0
40000.0
40000.0
40000.0
40000.0
40000.0
40000.0
40000.0
40000.0
40000.0
40000.0
40000.0
40000.0
40000.0
40000.0
40000.0
40000.0
40000.0
40000.0
40000.0
40000.0
40000.0
40000.0
40000.0
40000.0
40000.0
40000.0
40000.0
40000.0
40000.0
40000.0
40000.0
40000.0
40000.0
40000.0
40000.0
40000.0
40000.0
40000.0
40000.0
40000.0
40000.0
40000.0
40000.0
40000.0
40000.0
40000.0
40000.0
40000.0
40000.0
40000.0
40000.0
40000.0
40000.0
40000.0
40000.0
40000.0
40000.0
40000.0
40000.0
40000.0
40000.0
40000.0
40000.0
40000.0
40000.0
40000.0
40000.0
40000.0
40000.0
40000.0
40000.0
40000.0
40000.0
40000.0
40000.0
40000.0
40000.0
40000.0
40000.0
40000.0
40000.0
40000.0
40000.0
40000.0
40000.0
40000.0
40000.0
40000.0
40000.0
40000.0
40000.0
40000.0
40000.0
40000.0
40000.0
40000.0
40000.0
40000.0
40000.0
40000.0
40000.0
40000.0
40000.0
40000.0
40000.0
40000.0
40000.0
40000.0
40000.0
40000.0
40000.0
40000.0
40000.0
40000.0
40000.0
40000.0
40000.0
40000.0
40000.0
40000.0
40000.0
40000.0
40000.0
40000.0
40000.0
40000.0
40000.0
40000.0
40000.0
40000.0
40000.0
40000.0
40000.0
40000.0
40000.0
40000.0
40000.0
40000.0
40000.0
40000.0
40000.0
40000.0
40000.0
40000.0
40000.0
40000.0
40000.0
40000.0
40000.0
40000.0
40000.0
40000.0
40000.0
40000.0
40000.0
40000.0
40000.0
40000.0
40000.0
40000.0
40000.0
40000.0
40000.0
40000.0
40000.0
40000.0
40000.0
40000.0
40000.0
40000.0
40000.0
40000.0
40000.0
40000.0
40000.0
40000.0
40000.0
40000.0
40000.0
40000.0
40000.0
40000.0
40000.0
40000.0
40000.0
40000.0
40000.0
40000.0
40000.0
40000.0
40000.0
40000.0
40000.0
40000.0
40000.0
40000.0
40000.0
40000.0
40000.0
40000.0
40000.0
40000.0
40000.0
40000.0
40000.0
40000.0
40000.0
40000.0
40000.0
40000.0
40000.0
40000.0
40000.0
40000.0
40000.0
40000.0
40000.0
40000.0
40000.0
40000.0
40000.0
40000.0
40000.0
40000.0
40000.0
40000.0
40000.0
40000.0
40000.0
40000.0
40000.0
40000.0
40000.0
40000.0
40000.0
40000.0
40000.0
40000.0
40000.0
40000.0
40000.0
40000.0
40000.0
40000.0
40000.0
40000.0
40000.0
40000.0
40000.0
40000.0
40000.0
40000.0
40000.0
40000.0
40000.0
40000.0
40000.0
40000.0
40000.0
40000.0
40000.0
40000.0
40000.0
40000.0
40000.0
40000.0
40000.0
40000.0
40000.0
40000.0
40000.0
40000.0
40000.0
40000.0
40000.0
40000.0
40000.0
40000.0
40000.0
40000.0
